01L540N01	001	2015/06/18	0001	0000000001	01L540N0101		600	0.00	0.00	0.00	0.00	600
01L540N01	001	2015/06/18	0001	0000000002	01L540N0101		150	0.00	0.00	0.00	0.00	150
01L540N01	001	2015/06/18	0001	0000000003	01L540N0101		0	0.00	0.00	0.00	0.00	0
01L540N01	001	2015/06/18	0001	0000000004	01L540N0101		128	0.00	0.00	0.00	0.00	128
01L540N01	001	2015/06/18	0001	0000000005	01L540N0101		32	0.00	0.00	0.00	0.00	32
01L540N01	001	2015/06/18	0001	0000000006	01L540N0101		0	0.00	0.00	0.00	0.00	0
01L540N01	001	2015/06/18	0001	0000000007	01L540N0101		410	0.00	0.00	0.00	0.00	410
01L540N01	001	2015/06/18	0001	0000000008	01L540N0101		20	0.00	0.00	0.00	0.00	20
01L540N01	001	2015/06/18	0001	0000000009	01L540N0101		410	0.00	0.00	0.00	0.00	410
01L540N01	001	2015/06/18	0001	0000000010	01L540N0101		-820	0.00	0.00	0.00	0.00	-820
01L540N01	001	2015/06/18	0001	0000000011	01L540N0101		560	0.00	0.00	0.00	0.00	560
01L540N01	001	2015/06/18	0001	0000000012	01L540N0101		140	0.00	0.00	0.00	0.00	140
01L540N01	001	2015/06/18	0001	0000000013	01L540N0101		20	0.00	0.00	0.00	0.00	20
01L540N01	001	2015/06/18	0001	0000000014	01L540N0101		0	0.00	0.00	0.00	0.00	0
01L540N01	001	2015/06/18	0001	0000000015	01L540N0101		560	0.00	0.00	0.00	0.00	560
01L540N01	001	2015/06/18	0001	0000000016	01L540N0101		140	0.00	0.00	0.00	0.00	140
01L540N01	001	2015/06/18	0001	0000000017	01L540N0101		20	0.00	0.00	0.00	0.00	20
01L540N01	001	2015/06/18	0001	0000000018	01L540N0101		20	0.00	0.00	0.00	0.00	20
01L540N01	001	2015/06/18	0001	0000000019	01L540N0101		600	0.00	0.00	0.00	0.00	600
01L540N01	001	2015/06/18	0001	0000000020	01L540N0101		150	0.00	0.00	0.00	0.00	150
01L540N01	001	2015/06/18	0001	0000000021	01L540N0101		0	0.00	0.00	0.00	0.00	0
01L540N01	001	2015/06/18	0001	0000000022	01L540N0101		20	0.00	0.00	0.00	0.00	20
01L540N01	001	2015/06/18	0001	0000000023	01L540N0101		0	0.00	0.00	0.00	0.00	0
01L540N01	001	2015/06/18	0001	0000000024	01L540N0101		5	0.00	0.00	0.00	0.00	5
01L540N01	001	2015/06/18	0001	0000000025	01L540N0101		3	0.00	0.00	0.00	0.00	3
01L540N01	001	2015/06/18	0001	0000000026	01L540N0101		3	0.00	0.00	0.00	0.00	3
01L540N01	001	2015/06/18	0001	0000000027	01L540N0101		8	0.00	0.00	0.00	0.00	8
01L540N01	001	2015/06/18	0001	0000000028	01L540N0101		5.6	0.00	0.00	0.00	0.00	5.6
01L540N01	001	2015/06/18	0001	0000000029	01L540N0101		7	0.00	0.00	0.00	0.00	7
01L540N01	001	2015/06/18	0001	0000000030	01L540N0101		3	0.00	0.00	0.00	0.00	3
01L540N01	001	2015/06/18	0001	0000000031	01L540N0101		9	0.00	0.00	0.00	0.00	9
01L540N01	001	2015/06/18	0001	0000000032	01L540N0101		10	0.00	0.00	0.00	0.00	10
01L540N01	001	2015/06/18	0001	0000000033	01L540N0101		4	0.00	0.00	0.00	0.00	4
01L540N01	001	2015/06/18	0001	0000000034	01L540N0101		6	0.00	0.00	0.00	0.00	6
01L540N01	001	2015/06/18	0001	0000000035	01L540N0101		-6	0.00	0.00	0.00	0.00	-6
01L540N01	001	2015/06/18	0001	0000000036	01L540N0101		6	0.00	0.00	0.00	0.00	6
01L540N01	001	2015/06/18	0001	0000000037	01L540N0101		-6	0.00	0.00	0.00	0.00	-6
01L540N01	001	2015/06/18	0001	0000000038	01L540N0101		5	0.00	0.00	0.00	0.00	5
01L540N01	001	2015/06/18	0001	0000000039	01L540N0101		5	0.00	0.00	0.00	0.00	5
01L540N01	001	2015/06/18	0001	0000000040	01L540N0101		15	0.00	0.00	0.00	0.00	15
01L540N01	001	2015/06/18	0001	0000000041	01L540N0101		5	0.00	0.00	0.00	0.00	5
01L540N01	001	2015/06/18	0001	0000000042	01L540N0101		3	0.00	0.00	0.00	0.00	3
01L540N01	001	2015/06/18	0001	0000000043	01L540N0101		5	0.00	0.00	0.00	0.00	5
01L540N01	001	2015/06/18	0001	0000000044	01L540N0101		3	0.00	0.00	0.00	0.00	3
01L540N01	001	2015/06/18	0001	0000000045	01L540N0101		3	0.00	0.00	0.00	0.00	3
01L540N01	001	2015/06/18	0001	0000000046	01L540N0101		10	0.00	0.00	0.00	0.00	10
01L540N01	001	2015/06/18	0001	0000000047	01L540N0101		10	0.00	0.00	0.00	0.00	10
01L540N01	001	2015/06/18	0001	0000000048	01L540N0101		-5	0.00	0.00	0.00	0.00	-5
01L540N01	001	2015/06/18	0001	0000000049	01L540N0101		5	0.00	0.00	0.00	0.00	5
01L540N01	001	2015/06/18	0001	0000000050	01L540N0101		0	0.00	0.00	0.00	0.00	0
01L540N01	001	2015/06/18	0001	0000000051	01L540N0101		10	0.00	0.00	0.00	0.00	10
01L540N01	001	2015/06/18	0001	0000000052	01L540N0101		6	0.00	0.00	0.00	0.00	6
01L540N01	001	2015/06/18	0001	0000000053	01L540N0101		5	0.00	0.00	0.00	0.00	5
01L540N01	001	2015/06/18	0001	0000000054	01L540N0101		-5	0.00	0.00	0.00	0.00	-5
01L540N01	001	2015/06/18	0001	0000000055	01L540N0101		5	0.00	0.00	0.00	0.00	5
01L540N01	001	2015/06/18	0001	0000000056	01L540N0101		120	0.00	0.00	0.00	0.00	120
01L540N01	001	2015/06/18	0001	0000000057	01L540N0101		0	0.00	0.00	0.00	0.00	0
01L540N01	001	2015/06/18	0001	0000000058	01L540N0101		0	0.00	0.00	0.00	0.00	0
01L540N01	001	2015/06/18	0001	0000000059	01L540N0101		0	0.00	0.00	0.00	0.00	0
01L540N01	001	2015/06/18	0001	0000000060	01L540N0101		0	0.00	0.00	0.00	0.00	0
01L540N01	001	2015/06/18	0001	0000000061	01L540N0101		90	0.00	0.00	0.00	0.00	90
01L540N01	001	2015/06/18	0001	0000000062	01L540N0101		50	0.00	0.00	0.00	0.00	50
01L540N01	001	2015/06/18	0001	0000000063	01L540N0101		0	0.00	0.00	0.00	0.00	0
01L540N01	001	2015/06/18	0001	0000000064	01L540N0101		60	0.00	0.00	0.00	0.00	60
01L540N01	001	2015/06/18	0001	0000000065	01L540N0101		100	0.00	0.00	0.00	0.00	100
01L540N01	001	2015/06/18	0001	0000000066	01L540N0101		50	0.00	0.00	0.00	0.00	50
01L540N01	001	2015/06/18	0001	0000000067	01L540N0101		0	0.00	0.00	0.00	0.00	0
01L540N01	001	2015/06/18	0001	0000000068	01L540N0101		0	0.00	0.00	0.00	0.00	0
01L540N01	001	2015/06/18	0001	0000000069	01L540N0101		0	0.00	0.00	0.00	0.00	0
01L540N01	001	2015/06/18	0001	0000000070	01L540N0101		30	0.00	0.00	0.00	0.00	30
01L540N01	001	2015/06/18	0001	0000000071	01L540N0101		0	0.00	0.00	0.00	0.00	0
01L540N01	001	2015/06/18	0001	0000000072	01L540N0101		0	0.00	0.00	0.00	0.00	0
01L540N01	001	2015/06/18	0001	0000000073	01L540N0101		10	0.00	0.00	0.00	0.00	10
01L540N01	001	2015/06/18	0001	0000000074	01L540N0101		0	0.00	0.00	0.00	0.00	0
01L540N01	001	2015/06/18	0001	0000000075	01L540N0101		0	0.00	0.00	0.00	0.00	0
01L540N01	001	2015/06/18	0001	0000000076	01L540N0101		0	0.00	0.00	0.00	0.00	0
01L540N01	001	2015/06/18	0001	0000000077	01L540N0101		0	0.00	0.00	0.00	0.00	0
01L540N01	001	2015/06/18	0001	0000000078	01L540N0101		0	0.00	0.00	0.00	0.00	0
01L540N01	001	2015/06/18	0001	0000000079	01L540N0101		0	0.00	0.00	0.00	0.00	0
01L540N01	001	2015/06/18	0001	0000000080	01L540N0101		0	0.00	0.00	0.00	0.00	0
01L540N01	001	2015/06/18	0001	0000000081	01L540N0101		0	0.00	0.00	0.00	0.00	0
01L540N01	001	2015/06/18	0001	0000000082	01L540N0101		0	0.00	0.00	0.00	0.00	0
01L540N01	001	2015/06/18	0001	0000000083	01L540N0101		0	0.00	0.00	0.00	0.00	0
01L540N01	001	2015/06/18	0001	0000000084	01L540N0101		0	0.00	0.00	0.00	0.00	0
01L540N01	001	2015/06/18	0001	0000000085	01L540N0101		0	0.00	0.00	0.00	0.00	0
01L540N01	001	2015/06/18	0001	0000000086	01L540N0101		10	0.00	0.00	0.00	0.00	10
01L540N01	001	2015/06/18	0001	0000000087	01L540N0101		0	0.00	0.00	0.00	0.00	0
01L540N01	001	2015/06/18	0001	0000000088	01L540N0101		0	0.00	0.00	0.00	0.00	0
01L540N01	001	2015/06/18	0001	0000000089	01L540N0101		0	0.00	0.00	0.00	0.00	0
01L540N01	001	2015/06/18	0001	0000000090	01L540N0101		0	0.00	0.00	0.00	0.00	0
01L540N01	001	2015/06/18	0001	0000000091	01L540N0101		2.4	0.00	0.00	0.00	0.00	2.4
01L540N01	001	2015/06/18	0001	0000000092	01L540N0101		2.4	0.00	0.00	0.00	0.00	2.4
01L540N01	001	2015/06/18	0001	0000000093	01L540N0101		0	0.00	0.00	0.00	0.00	0
01L540N01	001	2015/06/18	0001	0000000094	01L540N0101		0	0.00	0.00	0.00	0.00	0
01L540N01	001	2015/06/18	0001	0000000095	01L540N0101		0	0.00	0.00	0.00	0.00	0
01L540N01	001	2015/06/18	0001	0000000096	01L540N0101		3	0.00	0.00	0.00	0.00	3
01L540N01	001	2015/06/18	0001	0000000097	01L540N0101		5	0.00	0.00	0.00	0.00	5
01L540N01	001	2015/06/18	0001	0000000098	01L540N0101		5	0.00	0.00	0.00	0.00	5
01L540N01	001	2015/06/18	0001	0000000099	01L540N0101		20	0.00	0.00	0.00	0.00	20
01L540N01	001	2015/06/18	0001	0000000100	01L540N0101		0	0.00	0.00	0.00	0.00	0
01L540N01	001	2015/06/18	0001	0000000101	01L540N0101		10	0.00	0.00	0.00	0.00	10
01L540N01	001	2015/06/18	0001	0000000102	01L540N0101		10	0.00	0.00	0.00	0.00	10
01L540N01	001	2015/06/18	0001	0000000103	01L540N0101		0	0.00	0.00	0.00	0.00	0
01L540N01	001	2015/06/18	0001	0000000104	01L540N0101		0	0.00	0.00	0.00	0.00	0
01L540N01	001	2015/06/18	0001	0000000105	01L540N0101		0	0.00	0.00	0.00	0.00	0
01L540N01	001	2015/06/18	0001	0000000106	01L540N0101		0	0.00	0.00	0.00	0.00	0
01L540N01	001	2015/06/18	0001	0000000107	01L540N0101		0	0.00	0.00	0.00	0.00	0
01L540N01	001	2015/06/18	0001	0000000108	01L540N0101		0	0.00	0.00	0.00	0.00	0
01L540N01	001	2015/06/18	0001	0000000109	01L540N0101		0	0.00	0.00	0.00	0.00	0
01L540N01	001	2015/06/18	0001	0000000110	01L540N0101		100	0.00	0.00	0.00	0.00	100
01L540N01	001	2015/06/18	0001	0000000111	01L540N0101		50	0.00	0.00	0.00	0.00	50
01L540N01	001	2015/06/18	0001	0000000112	01L540N0101		0	0.00	0.00	0.00	0.00	0
01L540N01	001	2015/06/18	0001	0000000113	01L540N0101		0	0.00	0.00	0.00	0.00	0
01L540N01	001	2015/06/18	0001	0000000114	01L540N0101		0	0.00	0.00	0.00	0.00	0
01L540N01	001	2015/06/18	0001	0000000115	01L540N0101		0	0.00	0.00	0.00	0.00	0
01L540N01	001	2015/06/18	0001	0000000116	01L540N0101		50	0.00	0.00	0.00	0.00	50
01L540N01	001	2015/06/18	0001	0000000117	01L540N0101		100	0.00	0.00	0.00	0.00	100
01L540N01	001	2015/06/18	0001	0000000118	01L540N0101		100	0.00	0.00	0.00	0.00	100
01L540N01	001	2015/06/18	0001	0000000119	01L540N0101		10	0.00	0.00	0.00	0.00	10
01L540N01	001	2015/06/18	0001	0000000120	01L540N0101		50	0.00	0.00	0.00	0.00	50
01L540N01	001	2015/06/18	0001	0000000121	01L540N0101		100	0.00	0.00	0.00	0.00	100
01L540N01	001	2015/06/18	0001	0000000122	01L540N0101		0	0.00	0.00	0.00	0.00	0
01L540N01	001	2015/06/18	0001	0000000123	01L540N0101		150	0.00	0.00	0.00	0.00	150
01L540N01	001	2015/06/18	0001	0000000124	01L540N0101		50	0.00	0.00	0.00	0.00	50
01L540N01	001	2015/06/18	0001	0000000125	01L540N0101		2.4	0.00	0.00	0.00	0.00	2.4
01L540N01	001	2015/06/18	0001	0000000126	01L540N0101		150	0.00	0.00	0.00	0.00	150
01L540N01	001	2015/06/18	0001	0000000127	01L540N0101		0	0.00	0.00	0.00	0.00	0
01L540N01	001	2015/06/18	0001	0000000128	01L540N0101		0	0.00	0.00	0.00	0.00	0
01L540N01	001	2015/06/18	0001	0000000129	01L540N0101		100	0.00	0.00	0.00	0.00	100
01L540N01	001	2015/06/18	0001	0000000130	01L540N0101		0	0.00	0.00	0.00	0.00	0
01L540N01	001	2015/06/18	0001	0000000131	01L540N0101		0	0.00	0.00	0.00	0.00	0
01L540N01	001	2015/06/18	0001	0000000132	01L540N0101		0	0.00	0.00	0.00	0.00	0
01L540N01	001	2015/06/18	0001	0000000133	01L540N0101		0	0.00	0.00	0.00	0.00	0
01L540N01	001	2015/06/18	0001	0000000134	01L540N0101		50	0.00	0.00	0.00	0.00	50
01L540N01	001	2015/06/18	0001	0000000135	01L540N0101		150	0.00	0.00	0.00	0.00	150
01L540N01	001	2015/06/18	0001	0000000136	01L540N0101		0	0.00	0.00	0.00	0.00	0
01L540N01	001	2015/06/18	0001	0000000137	01L540N0101		150	0.00	0.00	0.00	0.00	150
01L540N01	001	2015/06/18	0001	0000000138	01L540N0101		10	0.00	0.00	0.00	0.00	10
01L540N01	001	2015/06/18	0001	0000000139	01L540N0101		0	0.00	0.00	0.00	0.00	0
01L540N01	001	2015/06/18	0001	0000000140	01L540N0101		0	0.00	0.00	0.00	0.00	0
01L540N01	001	2015/06/18	0001	0000000141	01L540N0101		0	0.00	0.00	0.00	0.00	0
01L540N01	001	2015/06/18	0001	0000000142	01L540N0101		0	0.00	0.00	0.00	0.00	0
01L540N01	001	2015/06/18	0001	0000000143	01L540N0101		0	0.00	0.00	0.00	0.00	0
01L540N01	001	2015/06/18	0001	0000000144	01L540N0101		0	0.00	0.00	0.00	0.00	0
01L540N01	001	2015/06/18	0001	0000000145	01L540N0101		0	0.00	0.00	0.00	0.00	0
01L540N01	001	2015/06/18	0001	0000000146	01L540N0101		100	0.00	0.00	0.00	0.00	100
01L540N01	001	2015/06/18	0001	0000000147	01L540N0101		3	0.00	0.00	0.00	0.00	3
01L540N01	001	2015/06/18	0001	0000000148	01L540N0101		5	0.00	0.00	0.00	0.00	5
01L540N01	001	2015/06/18	0001	0000000149	01L540N0101		5	0.00	0.00	0.00	0.00	5
01L540N01	001	2015/06/18	0001	0000000150	01L540N0101		50	0.00	0.00	0.00	0.00	50
01L540N01	001	2015/06/18	0001	0000000151	01L540N0101		50	0.00	0.00	0.00	0.00	50
01L540N01	001	2015/06/18	0001	0000000152	01L540N0101		50	0.00	0.00	0.00	0.00	50
01L540N01	001	2015/06/18	0001	0000000153	01L540N0101		50	0.00	0.00	0.00	0.00	50
01L540N01	001	2015/06/18	0001	0000000154	01L540N0101		20	0.00	0.00	0.00	0.00	20
01L540N01	001	2015/06/18	0001	0000000155	01L540N0101		3	0.00	0.00	0.00	0.00	3
01L540N01	001	2015/06/18	0001	0000000156	01L540N0101		3	0.00	0.00	0.00	0.00	3
01L540N01	001	2015/06/18	0001	0000000157	01L540N0101		6	0.00	0.00	0.00	0.00	6
01L540N01	001	2015/06/18	0001	0000000158	01L540N0101		10	0.00	0.00	0.00	0.00	10
01L540N01	001	2015/06/18	0001	0000000159	01L540N0101		3	0.00	0.00	0.00	0.00	3
01L540N01	001	2015/06/18	0001	0000000160	01L540N0101		10	0.00	0.00	0.00	0.00	10
01L540N01	001	2015/06/18	0001	0000000161	01L540N0101		0	0.00	0.00	0.00	0.00	0
01L540N01	001	2015/06/18	0001	0000000162	01L540N0101		0	0.00	0.00	0.00	0.00	0
01L540N01	001	2015/06/18	0001	0000000163	01L540N0101		0	0.00	0.00	0.00	0.00	0
01L540N01	001	2015/06/18	0001	0000000164	01L540N0101		0	0.00	0.00	0.00	0.00	0
01L540N01	001	2015/06/18	0001	0000000165	01L540N0101		0	0.00	0.00	0.00	0.00	0
01L540N01	001	2015/06/18	0001	0000000166	01L540N0101		0	0.00	0.00	0.00	0.00	0
01L540N01	001	2015/06/18	0001	0000000167	01L540N0101		0	0.00	0.00	0.00	0.00	0
01L540N01	001	2015/06/18	0001	0000000168	01L540N0101		10	0.00	0.00	0.00	0.00	10
01L540N01	001	2015/06/18	0001	0000000169	01L540N0101		0	0.00	0.00	0.00	0.00	0
01L540N01	001	2015/06/18	0001	0000000170	01L540N0101		0	0.00	0.00	0.00	0.00	0
01L540N01	001	2015/06/18	0001	0000000171	01L540N0101		0	0.00	0.00	0.00	0.00	0
01L540N01	001	2015/06/18	0001	0000000172	01L540N0101		0	0.00	0.00	0.00	0.00	0
01L540N01	001	2015/06/18	0001	0000000173	01L540N0101		0	0.00	0.00	0.00	0.00	0
01L540N01	001	2015/06/18	0001	0000000174	01L540N0101		0	0.00	0.00	0.00	0.00	0
01L540N01	001	2015/06/18	0001	0000000175	01L540N0101		60	0.00	0.00	0.00	0.00	60
01L540N01	001	2015/06/18	0001	0000000176	01L540N0101		12	0.00	0.00	0.00	0.00	12
01L540N01	001	2015/06/18	0001	0000000177	01L540N0101		0	0.00	0.00	0.00	0.00	0
01L540N01	001	2015/06/18	0001	0000000178	01L540N0101		75	0.00	0.00	0.00	0.00	75
01L540N01	001	2015/06/18	0001	0000000179	01L540N0101		6	0.00	0.00	0.00	0.00	6
01L540N01	001	2015/06/18	0001	0000000180	01L540N0101		3	0.00	0.00	0.00	0.00	3
01L540N01	001	2015/06/18	0001	0000000181	01L540N0101		3	0.00	0.00	0.00	0.00	3
01L540N01	001	2015/06/18	0001	0000000182	01L540N0101		3	0.00	0.00	0.00	0.00	3
01L540N01	001	2015/06/18	0001	0000000183	01L540N0101		6	0.00	0.00	0.00	0.00	6
01L540N01	001	2015/06/18	0001	0000000184	01L540N0101		6.4	0.00	0.00	0.00	0.00	6.4
01L540N01	001	2015/06/18	0001	0000000185	01L540N0101		35	0.00	0.00	0.00	0.00	35
