01L259N02	01	2015/06/19	1229	S000000000	01		0	90	0	0	0	90
01L259N02	01	2015/06/19	1329	S000000001	01		60	0	0	0	0	60
01L259N02	01	2015/06/19	1333	S000000002	01		60	0	0	0	0	60
01L259N02	01	2015/06/19	1351	S000000003	01		30	0	0	0	0	30
01L259N02	01	2015/06/19	1405	S000000004	01		30	0	0	0	0	30
01L259N02	01	2015/06/19	1527	S000000005	01		30	0	0	0	0	30
01L259N02	01	2015/06/19	1528	S000000006	01		30	0	0	0	0	30
01L259N02	01	2015/06/19	1534	S000000007	01		33	0	0	0	0	33
01L259N02	01	2015/06/19	1537	S000000008	01		60	0	0	0	0	60
01L259N02	01	2015/06/19	1541	S000000009	01		131	0	0	0	0	131
01L259N02	01	2015/06/19	1602	S000000010	01		66	0	0	0	0	66
01L259N02	01	2015/06/19	1622	S000000011	01		88	0	0	0	0	88
01L259N02	01	2015/06/19	1628	S000000012	01		30	0	0	0	0	30
01L259N02	01	2015/06/19	1629	S000000013	01		60	0	0	0	0	60
01L259N02	01	2015/06/19	1648	S000000014	01		17	0	0	0	0	17
01L259N02	01	2015/06/19	1726	S000000015	01		0	454	0	0	0	454
01L259N02	01	2015/06/19	1812	S000000016	01		126	0	0	0	0	126
01L259N02	01	2015/06/19	1822	S000000017	01		226	0	0	0	0	226
01L259N02	01	2015/06/19	1832	S000000018	01		228	0	0	0	0	228
01L259N02	01	2015/06/19	1902	S000000019	01		30	0	0	0	0	30
01L259N02	01	2015/06/19	1906	S000000020	01		152	0	0	0	0	152
01L259N02	01	2015/06/19	1918	S000000021	01		60	0	0	0	0	60
01L259N02	01	2015/06/19	1923	S000000022	01		33	0	0	0	0	33
01L259N02	01	2015/06/19	1936	S000000023	01		248	0	0	0	0	248
01L259N02	01	2015/06/19	1946	S000000024	01		0	90	0	0	0	90
01L259N02	01	2015/06/19	2019	S000000025	01		0	0	0	0	0	0
