01L346N01	041	2015/06/19	1200	0000071835	01L346N0101		262.00	0.00	0.00	0.00	0.00	262.00
01L346N01	041	2015/06/19	1200	0000071837	01L346N0101		399.00	0.00	0.00	0.00	0.00	399.00
01L346N01	031	2015/06/19	1200	0000081261	01L346N0101		219.00	0.00	0.00	0.00	0.00	219.00
01L346N01	011	2015/06/19	1200	0000076807	01L346N0101		1503.00	0.00	0.00	0.00	0.00	1503.00
01L346N01	031	2015/06/19	1200	0000081176	01L346N0101		267.00	0.00	0.00	0.00	0.00	267.00
01L346N01	031	2015/06/19	1200	0000081160	01L346N0101		848.50	0.00	0.00	0.00	0.00	848.50
01L346N01	021	2015/06/19	1200	0000113046	01L346N0101		1180.00	0.00	0.00	0.00	0.00	1180.00
01L346N01	011	2015/06/19	1200	0000076814	01L346N0101		95.00	0.00	0.00	0.00	0.00	95.00
01L346N01	041	2015/06/19	1200	0000071834	01L346N0101		34.00	0.00	0.00	0.00	0.00	34.00
01L346N01	011	2015/06/19	1200	0000076788	01L346N0101		471.00	0.00	0.00	0.00	0.00	471.00
01L346N01	011	2015/06/19	1200	0000076805	01L346N0101		975.00	0.00	0.00	0.00	0.00	975.00
01L346N01	021	2015/06/19	1200	0000113028	01L346N0101		859.00	0.00	0.00	0.00	0.00	859.00
01L346N01	011	2015/06/19	1200	0000076715	01L346N0101		385.00	0.00	0.00	0.00	0.00	385.00
01L346N01	031	2015/06/19	1200	0000081197	01L346N0101		283.00	0.00	0.00	0.00	0.00	283.00
01L346N01	021	2015/06/19	1200	0000113180	01L346N0101		778.00	0.00	0.00	0.00	0.00	778.00
01L346N01	031	2015/06/19	1200	0000081307	01L346N0101		399.00	0.00	0.00	0.00	0.00	399.00
01L346N01	021	2015/06/19	1200	0000113068	01L346N0101		580.00	0.00	0.00	0.00	0.00	580.00
01L346N01	031	2015/06/19	1200	0000081263	01L346N0101		30.00	0.00	0.00	0.00	0.00	30.00
01L346N01	011	2015/06/19	1200	0000076801	01L346N0101		420.00	0.00	0.00	0.00	0.00	420.00
01L346N01	041	2015/06/19	1200	0000071935	01L346N0101		13.00	0.00	0.00	0.00	0.00	13.00
01L346N01	021	2015/06/19	1200	0000113113	01L346N0101		38.00	0.00	0.00	0.00	0.00	38.00
01L346N01	031	2015/06/19	1200	0000081162	01L346N0101		30.00	0.00	0.00	0.00	0.00	30.00
01L346N01	011	2015/06/19	1200	0000076719	01L346N0101		0.00	0.00	0.00	0.00	0.00	0.00
01L346N01	011	2015/06/19	1200	0000076753	01L346N0101		499.00	0.00	0.00	0.00	0.00	499.00
01L346N01	031	2015/06/19	1200	0000081200	01L346N0101		199.50	0.00	0.00	0.00	0.00	199.50
01L346N01	021	2015/06/19	1200	0000113184	01L346N0101		304.00	0.00	0.00	0.00	0.00	304.00
01L346N01	031	2015/06/19	1200	0000081217	01L346N0101		249.50	0.00	0.00	0.00	0.00	249.50
01L346N01	011	2015/06/19	1200	0000076745	01L346N0101		299.00	0.00	0.00	0.00	0.00	299.00
01L346N01	021	2015/06/19	1200	0000112932	01L346N0101		239.00	0.00	0.00	0.00	0.00	239.00
01L346N01	011	2015/06/19	1200	0000076721	01L346N0101		428.00	0.00	0.00	0.00	0.00	428.00
01L346N01	041	2015/06/19	1200	0000071969	01L346N0101		780.00	0.00	0.00	0.00	0.00	780.00
01L346N01	021	2015/06/19	1200	0000113170	01L346N0101		499.00	0.00	0.00	0.00	0.00	499.00
01L346N01	021	2015/06/19	1200	0000113067	01L346N0101		126.00	0.00	0.00	0.00	0.00	126.00
01L346N01	021	2015/06/19	1200	0000113133	01L346N0101		48.00	0.00	0.00	0.00	0.00	48.00
01L346N01	021	2015/06/19	1200	0000113135	01L346N0101		271.00	0.00	0.00	0.00	0.00	271.00
01L346N01	041	2015/06/19	1200	0000071954	01L346N0101		191.00	0.00	0.00	0.00	0.00	191.00
01L346N01	031	2015/06/19	1200	0000081272	01L346N0101		320.00	0.00	0.00	0.00	0.00	320.00
01L346N01	041	2015/06/19	1200	0000071923	01L346N0101		302.00	0.00	0.00	0.00	0.00	302.00
01L346N01	021	2015/06/19	1200	0000113108	01L346N0101		392.00	0.00	0.00	0.00	0.00	392.00
01L346N01	021	2015/06/19	1200	0000113011	01L346N0101		79.00	0.00	0.00	0.00	0.00	79.00
01L346N01	041	2015/06/19	1200	0000071881	01L346N0101		998.00	0.00	0.00	0.00	0.00	998.00
01L346N01	041	2015/06/19	1200	0000071889	01L346N0101		210.00	0.00	0.00	0.00	0.00	210.00
01L346N01	041	2015/06/19	1200	0000071853	01L346N0101		30.00	0.00	0.00	0.00	0.00	30.00
01L346N01	041	2015/06/19	1200	0000071859	01L346N0101		69.00	0.00	0.00	0.00	0.00	69.00
01L346N01	031	2015/06/19	1200	0000081303	01L346N0101		230.00	0.00	0.00	0.00	0.00	230.00
01L346N01	021	2015/06/19	1200	0000112951	01L346N0101		274.50	0.00	0.00	0.00	0.00	274.50
01L346N01	031	2015/06/19	1200	0000081262	01L346N0101		699.00	0.00	0.00	0.00	0.00	699.00
01L346N01	011	2015/06/19	1200	0000076808	01L346N0101		299.00	0.00	0.00	0.00	0.00	299.00
01L346N01	021	2015/06/19	1200	0000113092	01L346N0101		590.00	0.00	0.00	0.00	0.00	590.00
01L346N01	041	2015/06/19	1200	0000071934	01L346N0101		2032.00	0.00	0.00	0.00	0.00	2032.00
01L346N01	021	2015/06/19	1200	0000112927	01L346N0101		274.50	0.00	0.00	0.00	0.00	274.50
01L346N01	011	2015/06/19	1200	0000076709	01L346N0101		385.00	0.00	0.00	0.00	0.00	385.00
01L346N01	021	2015/06/19	1200	0000112983	01L346N0101		242.00	0.00	0.00	0.00	0.00	242.00
01L346N01	031	2015/06/19	1200	0000081169	01L346N0101		662.00	0.00	0.00	0.00	0.00	662.00
01L346N01	031	2015/06/19	1200	0000081184	01L346N0101		183.00	0.00	0.00	0.00	0.00	183.00
01L346N01	041	2015/06/19	1200	0000071897	01L346N0101		30.00	0.00	0.00	0.00	0.00	30.00
01L346N01	031	2015/06/19	1200	0000081206	01L346N0101		219.00	0.00	0.00	0.00	0.00	219.00
01L346N01	031	2015/06/19	1200	0000081219	01L346N0101		356.00	0.00	0.00	0.00	0.00	356.00
01L346N01	021	2015/06/19	1200	0000112950	01L346N0101		399.00	0.00	0.00	0.00	0.00	399.00
01L346N01	011	2015/06/19	1200	0000076792	01L346N0101		249.00	0.00	0.00	0.00	0.00	249.00
01L346N01	021	2015/06/19	1200	0000113148	01L346N0101		39.00	0.00	0.00	0.00	0.00	39.00
01L346N01	021	2015/06/19	1200	0000113105	01L346N0101		364.00	0.00	0.00	0.00	0.00	364.00
01L346N01	021	2015/06/19	1200	0000113022	01L346N0101		149.50	0.00	0.00	0.00	0.00	149.50
01L346N01	031	2015/06/19	1200	0000081134	01L346N0101		873.00	0.00	0.00	0.00	0.00	873.00
01L346N01	011	2015/06/19	1200	0000076716	01L346N0101		290.00	0.00	0.00	0.00	0.00	290.00
01L346N01	031	2015/06/19	1200	0000081167	01L346N0101		199.00	0.00	0.00	0.00	0.00	199.00
01L346N01	031	2015/06/19	1200	0000081285	01L346N0101		99.00	0.00	0.00	0.00	0.00	99.00
01L346N01	041	2015/06/19	1200	0000071975	01L346N0101		88.00	0.00	0.00	0.00	0.00	88.00
01L346N01	011	2015/06/19	1200	0000076759	01L346N0101		816.00	0.00	0.00	0.00	0.00	816.00
01L346N01	041	2015/06/19	1200	0000071836	01L346N0101		234.00	0.00	0.00	0.00	0.00	234.00
01L346N01	021	2015/06/19	1200	0000113085	01L346N0101		358.00	0.00	0.00	0.00	0.00	358.00
01L346N01	041	2015/06/19	1200	0000071933	01L346N0101		69.00	0.00	0.00	0.00	0.00	69.00
01L346N01	021	2015/06/19	1200	0000113015	01L346N0101		60.00	0.00	0.00	0.00	0.00	60.00
01L346N01	011	2015/06/19	1200	0000076687	01L346N0101		798.00	0.00	0.00	0.00	0.00	798.00
01L346N01	021	2015/06/19	1200	0000112977	01L346N0101		174.50	0.00	0.00	0.00	0.00	174.50
01L346N01	031	2015/06/19	1200	0000081159	01L346N0101		199.50	0.00	0.00	0.00	0.00	199.50
01L346N01	011	2015/06/19	1200	0000076748	01L346N0101		1320.00	0.00	0.00	0.00	0.00	1320.00
01L346N01	031	2015/06/19	1200	0000081220	01L346N0101		199.50	0.00	0.00	0.00	0.00	199.50
01L346N01	021	2015/06/19	1200	0000112946	01L346N0101		299.50	0.00	0.00	0.00	0.00	299.50
01L346N01	031	2015/06/19	1200	0000081268	01L346N0101		199.00	0.00	0.00	0.00	0.00	199.00
01L346N01	041	2015/06/19	1200	0000071922	01L346N0101		209.00	0.00	0.00	0.00	0.00	209.00
01L346N01	041	2015/06/19	1200	0000071877	01L346N0101		151.00	0.00	0.00	0.00	0.00	151.00
01L346N01	011	2015/06/19	1200	0000076733	01L346N0101		398.00	0.00	0.00	0.00	0.00	398.00
01L346N01	031	2015/06/19	1200	0000081157	01L346N0101		598.00	0.00	0.00	0.00	0.00	598.00
01L346N01	041	2015/06/19	1200	0000071847	01L346N0101		35.00	0.00	0.00	0.00	0.00	35.00
01L346N01	031	2015/06/19	1200	0000081170	01L346N0101		99.00	0.00	0.00	0.00	0.00	99.00
01L346N01	031	2015/06/19	1200	0000081189	01L346N0101		407.00	0.00	0.00	0.00	0.00	407.00
01L346N01	011	2015/06/19	1200	0000076822	01L346N0101		804.00	0.00	0.00	0.00	0.00	804.00
01L346N01	041	2015/06/19	1200	0000071972	01L346N0101		1826.00	0.00	0.00	0.00	0.00	1826.00
01L346N01	031	2015/06/19	1200	0000081301	01L346N0101		484.00	0.00	0.00	0.00	0.00	484.00
01L346N01	011	2015/06/19	1200	0000076768	01L346N0101		299.00	0.00	0.00	0.00	0.00	299.00
01L346N01	011	2015/06/19	1200	0000076695	01L346N0101		380.00	0.00	0.00	0.00	0.00	380.00
01L346N01	011	2015/06/19	1200	0000076703	01L346N0101		211.00	0.00	0.00	0.00	0.00	211.00
01L346N01	011	2015/06/19	1200	0000076794	01L346N0101		299.00	0.00	0.00	0.00	0.00	299.00
01L346N01	031	2015/06/19	1200	0000081271	01L346N0101		329.00	0.00	0.00	0.00	0.00	329.00
01L346N01	021	2015/06/19	1200	0000113141	01L346N0101		39.00	0.00	0.00	0.00	0.00	39.00
01L346N01	021	2015/06/19	1200	0000113004	01L346N0101		1196.00	0.00	0.00	0.00	0.00	1196.00
01L346N01	041	2015/06/19	1200	0000071831	01L346N0101		31.00	0.00	0.00	0.00	0.00	31.00
01L346N01	021	2015/06/19	1200	0000113002	01L346N0101		255.00	0.00	0.00	0.00	0.00	255.00
01L346N01	041	2015/06/19	1200	0000071966	01L346N0101		220.00	0.00	0.00	0.00	0.00	220.00
01L346N01	041	2015/06/19	1200	0000071968	01L346N0101		495.00	0.00	0.00	0.00	0.00	495.00
01L346N01	021	2015/06/19	1200	0000112945	01L346N0101		299.50	0.00	0.00	0.00	0.00	299.50
01L346N01	031	2015/06/19	1200	0000081148	01L346N0101		438.00	0.00	0.00	0.00	0.00	438.00
01L346N01	011	2015/06/19	1200	0000076786	01L346N0101		351.00	0.00	0.00	0.00	0.00	351.00
01L346N01	021	2015/06/19	1200	0000113127	01L346N0101		118.00	0.00	0.00	0.00	0.00	118.00
01L346N01	021	2015/06/19	1200	0000113136	01L346N0101		39.00	0.00	0.00	0.00	0.00	39.00
01L346N01	021	2015/06/19	1200	0000113142	01L346N0101		160.00	0.00	0.00	0.00	0.00	160.00
01L346N01	031	2015/06/19	1200	0000081133	01L346N0101		135.00	0.00	0.00	0.00	0.00	135.00
01L346N01	031	2015/06/19	1200	0000081152	01L346N0101		573.50	0.00	0.00	0.00	0.00	573.50
01L346N01	022	2015/06/19	1200	0000016935	01L346N0101		99.00	0.00	0.00	0.00	0.00	99.00
01L346N01	041	2015/06/19	1200	0000071908	01L346N0101		101.00	0.00	0.00	0.00	0.00	101.00
01L346N01	021	2015/06/19	1200	0000113178	01L346N0101		169.00	0.00	0.00	0.00	0.00	169.00
01L346N01	031	2015/06/19	1200	0000081218	01L346N0101		384.00	0.00	0.00	0.00	0.00	384.00
01L346N01	012	2015/06/19	1200	0000003587	01L346N0101		805.00	0.00	0.00	0.00	0.00	805.00
01L346N01	031	2015/06/19	1200	0000081144	01L346N0101		29.00	0.00	0.00	0.00	0.00	29.00
01L346N01	041	2015/06/19	1200	0000071939	01L346N0101		979.00	0.00	0.00	0.00	0.00	979.00
01L346N01	041	2015/06/19	1200	0000071953	01L346N0101		40.00	0.00	0.00	0.00	0.00	40.00
01L346N01	011	2015/06/19	1200	0000076799	01L346N0101		319.00	0.00	0.00	0.00	0.00	319.00
01L346N01	031	2015/06/19	1200	0000081235	01L346N0101		129.00	0.00	0.00	0.00	0.00	129.00
01L346N01	011	2015/06/19	1200	0000076738	01L346N0101		428.00	0.00	0.00	0.00	0.00	428.00
01L346N01	041	2015/06/19	1200	0000071856	01L346N0101		30.00	0.00	0.00	0.00	0.00	30.00
01L346N01	041	2015/06/19	1200	0000071895	01L346N0101		10.00	0.00	0.00	0.00	0.00	10.00
01L346N01	021	2015/06/19	1200	0000113171	01L346N0101		299.50	0.00	0.00	0.00	0.00	299.50
01L346N01	031	2015/06/19	1200	0000081204	01L346N0101		399.00	0.00	0.00	0.00	0.00	399.00
01L346N01	031	2015/06/19	1200	0000081252	01L346N0101		119.00	0.00	0.00	0.00	0.00	119.00
01L346N01	011	2015/06/19	1200	0000076790	01L346N0101		298.00	0.00	0.00	0.00	0.00	298.00
01L346N01	031	2015/06/19	1200	0000081228	01L346N0101		138.00	0.00	0.00	0.00	0.00	138.00
01L346N01	041	2015/06/19	1200	0000071848	01L346N0101		219.00	0.00	0.00	0.00	0.00	219.00
01L346N01	021	2015/06/19	1200	0000112993	01L346N0101		118.00	0.00	0.00	0.00	0.00	118.00
01L346N01	021	2015/06/19	1200	0000113000	01L346N0101		299.50	0.00	0.00	0.00	0.00	299.50
01L346N01	021	2015/06/19	1200	0000113034	01L346N0101		249.00	0.00	0.00	0.00	0.00	249.00
01L346N01	021	2015/06/19	1200	0000113168	01L346N0101		128.00	0.00	0.00	0.00	0.00	128.00
01L346N01	021	2015/06/19	1200	0000112941	01L346N0101		364.00	0.00	0.00	0.00	0.00	364.00
01L346N01	041	2015/06/19	1200	0000071950	01L346N0101		498.00	0.00	0.00	0.00	0.00	498.00
01L346N01	041	2015/06/19	1200	0000071961	01L346N0101		160.00	0.00	0.00	0.00	0.00	160.00
01L346N01	021	2015/06/19	1200	0000113088	01L346N0101		249.50	0.00	0.00	0.00	0.00	249.50
01L346N01	041	2015/06/19	1200	0000071844	01L346N0101		246.00	0.00	0.00	0.00	0.00	246.00
01L346N01	021	2015/06/19	1200	0000112988	01L346N0101		406.00	0.00	0.00	0.00	0.00	406.00
01L346N01	031	2015/06/19	1200	0000081164	01L346N0101		584.00	0.00	0.00	0.00	0.00	584.00
01L346N01	021	2015/06/19	1200	0000112997	01L346N0101		299.00	0.00	0.00	0.00	0.00	299.00
01L346N01	021	2015/06/19	1200	0000112999	01L346N0101		298.00	0.00	0.00	0.00	0.00	298.00
01L346N01	021	2015/06/19	1200	0000113048	01L346N0101		224.50	0.00	0.00	0.00	0.00	224.50
01L346N01	031	2015/06/19	1200	0000081202	01L346N0101		894.00	0.00	0.00	0.00	0.00	894.00
01L346N01	041	2015/06/19	1200	0000071965	01L346N0101		520.00	0.00	0.00	0.00	0.00	520.00
01L346N01	021	2015/06/19	1200	0000113160	01L346N0101		174.50	0.00	0.00	0.00	0.00	174.50
01L346N01	031	2015/06/19	1200	0000081296	01L346N0101		334.00	0.00	0.00	0.00	0.00	334.00
01L346N01	011	2015/06/19	1200	0000076826	01L346N0101		428.00	0.00	0.00	0.00	0.00	428.00
01L346N01	041	2015/06/19	1200	0000071838	01L346N0101		45.00	0.00	0.00	0.00	0.00	45.00
01L346N01	041	2015/06/19	1200	0000071840	01L346N0101		69.00	0.00	0.00	0.00	0.00	69.00
01L346N01	011	2015/06/19	1200	0000076698	01L346N0101		251.00	0.00	0.00	0.00	0.00	251.00
01L346N01	041	2015/06/19	1200	0000071947	01L346N0101		168.00	0.00	0.00	0.00	0.00	168.00
01L346N01	021	2015/06/19	1200	0000113129	01L346N0101		998.00	0.00	0.00	0.00	0.00	998.00
01L346N01	021	2015/06/19	1200	0000113137	01L346N0101		80.00	0.00	0.00	0.00	0.00	80.00
01L346N01	011	2015/06/19	1200	0000076810	01L346N0101		260.00	0.00	0.00	0.00	0.00	260.00
01L346N01	011	2015/06/19	1200	0000076775	01L346N0101		461.00	0.00	0.00	0.00	0.00	461.00
01L346N01	021	2015/06/19	1200	0000113090	01L346N0101		99.50	0.00	0.00	0.00	0.00	99.50
01L346N01	031	2015/06/19	1200	0000081177	01L346N0101		345.00	0.00	0.00	0.00	0.00	345.00
01L346N01	011	2015/06/19	1200	0000076704	01L346N0101		1025.00	0.00	0.00	0.00	0.00	1025.00
01L346N01	011	2015/06/19	1200	0000076722	01L346N0101		149.00	0.00	0.00	0.00	0.00	149.00
01L346N01	041	2015/06/19	1200	0000071907	01L346N0101		39.00	0.00	0.00	0.00	0.00	39.00
01L346N01	031	2015/06/19	1200	0000081292	01L346N0101		79.00	0.00	0.00	0.00	0.00	79.00
01L346N01	041	2015/06/19	1200	0000071971	01L346N0101		95.00	0.00	0.00	0.00	0.00	95.00
01L346N01	031	2015/06/19	1200	0000081283	01L346N0101		399.00	0.00	0.00	0.00	0.00	399.00
01L346N01	031	2015/06/19	1200	0000081293	01L346N0101		249.00	0.00	0.00	0.00	0.00	249.00
01L346N01	011	2015/06/19	1200	0000076824	01L346N0101		428.00	0.00	0.00	0.00	0.00	428.00
01L346N01	011	2015/06/19	1200	0000076762	01L346N0101		399.00	0.00	0.00	0.00	0.00	399.00
01L346N01	031	2015/06/19	1200	0000081207	01L346N0101		335.00	0.00	0.00	0.00	0.00	335.00
01L346N01	041	2015/06/19	1200	0000071914	01L346N0101		290.00	0.00	0.00	0.00	0.00	290.00
01L346N01	021	2015/06/19	1200	0000112938	01L346N0101		290.00	0.00	0.00	0.00	0.00	290.00
01L346N01	011	2015/06/19	1200	0000076700	01L346N0101		147.00	0.00	0.00	0.00	0.00	147.00
01L346N01	021	2015/06/19	1200	0000112960	01L346N0101		202.00	0.00	0.00	0.00	0.00	202.00
01L346N01	022	2015/06/19	1200	0000016934	01L346N0101		243.00	0.00	0.00	0.00	0.00	243.00
01L346N01	031	2015/06/19	1200	0000081237	01L346N0101		198.00	0.00	0.00	0.00	0.00	198.00
01L346N01	031	2015/06/19	1200	0000081275	01L346N0101		300.00	0.00	0.00	0.00	0.00	300.00
01L346N01	012	2015/06/19	1200	0000003593	01L346N0101		838.80	0.00	0.00	0.00	0.00	838.80
01L346N01	021	2015/06/19	1200	0000113086	01L346N0101		432.00	0.00	0.00	0.00	0.00	432.00
01L346N01	041	2015/06/19	1200	0000071927	01L346N0101		299.00	0.00	0.00	0.00	0.00	299.00
01L346N01	021	2015/06/19	1200	0000113095	01L346N0101		1008.00	0.00	0.00	0.00	0.00	1008.00
01L346N01	041	2015/06/19	1200	0000071874	01L346N0101		75.00	0.00	0.00	0.00	0.00	75.00
01L346N01	021	2015/06/19	1200	0000113007	01L346N0101		384.30	0.00	0.00	0.00	0.00	384.30
01L346N01	011	2015/06/19	1200	0000076729	01L346N0101		132.00	0.00	0.00	0.00	0.00	132.00
01L346N01	041	2015/06/19	1200	0000071887	01L346N0101		245.00	0.00	0.00	0.00	0.00	245.00
01L346N01	011	2015/06/19	1200	0000076727	01L346N0101		960.00	0.00	0.00	0.00	0.00	960.00
01L346N01	021	2015/06/19	1200	0000113030	01L346N0101		1386.50	0.00	0.00	0.00	0.00	1386.50
01L346N01	031	2015/06/19	1200	0000081187	01L346N0101		850.00	0.00	0.00	0.00	0.00	850.00
01L346N01	021	2015/06/19	1200	0000113041	01L346N0101		299.50	0.00	0.00	0.00	0.00	299.50
01L346N01	021	2015/06/19	1200	0000113043	01L346N0101		99.00	0.00	0.00	0.00	0.00	99.00
01L346N01	021	2015/06/19	1200	0000113187	01L346N0101		392.00	0.00	0.00	0.00	0.00	392.00
01L346N01	011	2015/06/19	1200	0000076761	01L346N0101		370.00	0.00	0.00	0.00	0.00	370.00
01L346N01	011	2015/06/19	1200	0000076767	01L346N0101		237.00	0.00	0.00	0.00	0.00	237.00
01L346N01	012	2015/06/19	1200	0000003584	01L346N0101		510.00	0.00	0.00	0.00	0.00	510.00
01L346N01	041	2015/06/19	1200	0000071839	01L346N0101		65.00	0.00	0.00	0.00	0.00	65.00
01L346N01	011	2015/06/19	1200	0000076701	01L346N0101		78.00	0.00	0.00	0.00	0.00	78.00
01L346N01	031	2015/06/19	1200	0000081260	01L346N0101		299.00	0.00	0.00	0.00	0.00	299.00
01L346N01	021	2015/06/19	1200	0000113152	01L346N0101		99.00	0.00	0.00	0.00	0.00	99.00
01L346N01	011	2015/06/19	1200	0000076740	01L346N0101		427.00	0.00	0.00	0.00	0.00	427.00
01L346N01	031	2015/06/19	1200	0000081132	01L346N0101		199.00	0.00	0.00	0.00	0.00	199.00
01L346N01	041	2015/06/19	1200	0000071906	01L346N0101		76.00	0.00	0.00	0.00	0.00	76.00
01L346N01	021	2015/06/19	1200	0000113166	01L346N0101		448.50	0.00	0.00	0.00	0.00	448.50
01L346N01	031	2015/06/19	1200	0000081294	01L346N0101		218.00	0.00	0.00	0.00	0.00	218.00
01L346N01	031	2015/06/19	1200	0000081295	01L346N0101		199.00	0.00	0.00	0.00	0.00	199.00
01L346N01	021	2015/06/19	1200	0000113172	01L346N0101		115.00	0.00	0.00	0.00	0.00	115.00
01L346N01	011	2015/06/19	1200	0000076795	01L346N0101		59.00	0.00	0.00	0.00	0.00	59.00
01L346N01	031	2015/06/19	1200	0000081223	01L346N0101		324.00	0.00	0.00	0.00	0.00	324.00
01L346N01	041	2015/06/19	1200	0000071937	01L346N0101		132.00	0.00	0.00	0.00	0.00	132.00
01L346N01	031	2015/06/19	1200	0000081180	01L346N0101		798.00	0.00	0.00	0.00	0.00	798.00
01L346N01	011	2015/06/19	1200	0000076746	01L346N0101		499.00	0.00	0.00	0.00	0.00	499.00
01L346N01	031	2015/06/19	1200	0000081153	01L346N0101		327.00	0.00	0.00	0.00	0.00	327.00
01L346N01	031	2015/06/19	1200	0000081163	01L346N0101		178.00	0.00	0.00	0.00	0.00	178.00
01L346N01	011	2015/06/19	1200	0000076751	01L346N0102		581.00	0.00	0.00	0.00	0.00	581.00
01L346N01	031	2015/06/19	1200	0000081288	01L346N0101		559.00	0.00	0.00	0.00	0.00	559.00
01L346N01	011	2015/06/19	1200	0000076825	01L346N0101		189.00	0.00	0.00	0.00	0.00	189.00
01L346N01	021	2015/06/19	1200	0000112939	01L346N0101		89.50	0.00	0.00	0.00	0.00	89.50
01L346N01	021	2015/06/19	1200	0000112959	01L346N0101		558.00	0.00	0.00	0.00	0.00	558.00
01L346N01	031	2015/06/19	1200	0000081269	01L346N0101		79.00	0.00	0.00	0.00	0.00	79.00
01L346N01	021	2015/06/19	1200	0000113138	01L346N0101		544.50	0.00	0.00	0.00	0.00	544.50
01L346N01	041	2015/06/19	1200	0000071931	01L346N0101		184.00	0.00	0.00	0.00	0.00	184.00
01L346N01	041	2015/06/19	1200	0000071936	01L346N0101		190.00	0.00	0.00	0.00	0.00	190.00
01L346N01	041	2015/06/19	1200	0000071882	01L346N0101		216.00	0.00	0.00	0.00	0.00	216.00
01L346N01	021	2015/06/19	1200	0000112979	01L346N0101		115.00	0.00	0.00	0.00	0.00	115.00
01L346N01	041	2015/06/19	1200	0000071851	01L346N0101		75.00	0.00	0.00	0.00	0.00	75.00
01L346N01	041	2015/06/19	1200	0000071869	01L346N0101		44.00	0.00	0.00	0.00	0.00	44.00
01L346N01	021	2015/06/19	1200	0000113032	01L346N0101		149.50	0.00	0.00	0.00	0.00	149.50
01L346N01	031	2015/06/19	1200	0000081240	01L346N0101		112.00	0.00	0.00	0.00	0.00	112.00
01L346N01	031	2015/06/19	1200	0000081241	01L346N0101		872.00	0.00	0.00	0.00	0.00	872.00
01L346N01	031	2015/06/19	1200	0000081242	01L346N0101		673.00	0.00	0.00	0.00	0.00	673.00
01L346N01	011	2015/06/19	1200	0000076777	01L346N0101		335.00	0.00	0.00	0.00	0.00	335.00
01L346N01	021	2015/06/19	1200	0000113017	01L346N0101		97.00	0.00	0.00	0.00	0.00	97.00
01L346N01	041	2015/06/19	1200	0000071865	01L346N0101		1084.00	0.00	0.00	0.00	0.00	1084.00
01L346N01	041	2015/06/19	1200	0000071866	01L346N0101		65.00	0.00	0.00	0.00	0.00	65.00
01L346N01	041	2015/06/19	1200	0000071902	01L346N0101		280.00	0.00	0.00	0.00	0.00	280.00
01L346N01	021	2015/06/19	1200	0000113053	01L346N0101		1515.20	0.00	0.00	0.00	0.00	1515.20
01L346N01	041	2015/06/19	1200	0000071910	01L346N0101		210.00	0.00	0.00	0.00	0.00	210.00
01L346N01	031	2015/06/19	1200	0000081210	01L346N0101		683.00	0.00	0.00	0.00	0.00	683.00
01L346N01	031	2015/06/19	1200	0000081214	01L346N0101		722.50	0.00	0.00	0.00	0.00	722.50
01L346N01	031	2015/06/19	1200	0000081146	01L346N0101		790.00	0.00	0.00	0.00	0.00	790.00
01L346N01	031	2015/06/19	1200	0000081147	01L346N0101		405.00	0.00	0.00	0.00	0.00	405.00
01L346N01	011	2015/06/19	1200	0000076782	01L346N0101		249.00	0.00	0.00	0.00	0.00	249.00
01L346N01	021	2015/06/19	1200	0000113099	01L346N0101		39.00	0.00	0.00	0.00	0.00	39.00
01L346N01	041	2015/06/19	1200	0000071849	01L346N0101		442.00	0.00	0.00	0.00	0.00	442.00
01L346N01	011	2015/06/19	1200	0000076717	01L346N0101		449.00	0.00	0.00	0.00	0.00	449.00
01L346N01	041	2015/06/19	1200	0000071893	01L346N0101		100.00	0.00	0.00	0.00	0.00	100.00
01L346N01	041	2015/06/19	1200	0000071901	01L346N0101		160.00	0.00	0.00	0.00	0.00	160.00
01L346N01	021	2015/06/19	1200	0000113054	01L346N0101		99.00	0.00	0.00	0.00	0.00	99.00
01L346N01	041	2015/06/19	1200	0000071964	01L346N0101		65.00	0.00	0.00	0.00	0.00	65.00
01L346N01	041	2015/06/19	1200	0000071973	01L346N0101		626.00	0.00	0.00	0.00	0.00	626.00
01L346N01	031	2015/06/19	1200	0000081213	01L346N0101		149.00	0.00	0.00	0.00	0.00	149.00
01L346N01	011	2015/06/19	1200	0000076772	01L346N0101		129.00	0.00	0.00	0.00	0.00	129.00
01L346N01	021	2015/06/19	1200	0000112936	01L346N0101		280.00	0.00	0.00	0.00	0.00	280.00
01L346N01	021	2015/06/19	1200	0000113120	01L346N0101		48.00	0.00	0.00	0.00	0.00	48.00
01L346N01	031	2015/06/19	1200	0000081277	01L346N0101		75.00	0.00	0.00	0.00	0.00	75.00
01L346N01	011	2015/06/19	1200	0000076776	01L346N0101		94.00	0.00	0.00	0.00	0.00	94.00
01L346N01	031	2015/06/19	1200	0000081232	01L346N0101		158.00	0.00	0.00	0.00	0.00	158.00
01L346N01	011	2015/06/19	1200	0000076705	01L346N0101		168.00	0.00	0.00	0.00	0.00	168.00
01L346N01	031	2015/06/19	1200	0000081188	01L346N0101		597.00	0.00	0.00	0.00	0.00	597.00
01L346N01	021	2015/06/19	1200	0000113045	01L346N0101		99.00	0.00	0.00	0.00	0.00	99.00
01L346N01	031	2015/06/19	1200	0000081287	01L346N0101		576.00	0.00	0.00	0.00	0.00	576.00
01L346N01	021	2015/06/19	1200	0000113167	01L346N0101		224.50	0.00	0.00	0.00	0.00	224.50
01L346N01	011	2015/06/19	1200	0000076750	01L346N0101		-299.00	0.00	0.00	0.00	0.00	-299.00
01L346N01	021	2015/06/19	1200	0000113059	01L346N0101		380.00	0.00	0.00	0.00	0.00	380.00
01L346N01	021	2015/06/19	1200	0000113080	01L346N0101		224.50	0.00	0.00	0.00	0.00	224.50
01L346N01	012	2015/06/19	1200	0000003581	01L346N0101		318.00	0.00	0.00	0.00	0.00	318.00
01L346N01	012	2015/06/19	1200	0000003582	01L346N0101		421.00	0.00	0.00	0.00	0.00	421.00
01L346N01	012	2015/06/19	1200	0000003583	01L346N0101		489.00	0.00	0.00	0.00	0.00	489.00
01L346N01	012	2015/06/19	1200	0000003589	01L346N0101		352.00	0.00	0.00	0.00	0.00	352.00
01L346N01	031	2015/06/19	1200	0000081135	01L346N0101		2444.50	0.00	0.00	0.00	0.00	2444.50
01L346N01	031	2015/06/19	1200	0000081264	01L346N0101		375.00	0.00	0.00	0.00	0.00	375.00
01L346N01	041	2015/06/19	1200	0000071929	01L346N0101		128.00	0.00	0.00	0.00	0.00	128.00
01L346N01	021	2015/06/19	1200	0000113005	01L346N0101		249.50	0.00	0.00	0.00	0.00	249.50
01L346N01	011	2015/06/19	1200	0000076741	01L346N0101		149.00	0.00	0.00	0.00	0.00	149.00
01L346N01	021	2015/06/19	1200	0000112990	01L346N0101		538.20	0.00	0.00	0.00	0.00	538.20
01L346N01	041	2015/06/19	1200	0000071900	01L346N0101		95.00	0.00	0.00	0.00	0.00	95.00
01L346N01	031	2015/06/19	1200	0000081192	01L346N0101		238.50	0.00	0.00	0.00	0.00	238.50
01L346N01	011	2015/06/19	1200	0000076823	01L346N0101		299.00	0.00	0.00	0.00	0.00	299.00
01L346N01	021	2015/06/19	1200	0000113174	01L346N0101		412.00	0.00	0.00	0.00	0.00	412.00
01L346N01	021	2015/06/19	1200	0000113182	01L346N0101		106.00	0.00	0.00	0.00	0.00	106.00
01L346N01	041	2015/06/19	1200	0000071958	01L346N0101		148.00	0.00	0.00	0.00	0.00	148.00
01L346N01	041	2015/06/19	1200	0000071960	01L346N0101		24.00	0.00	0.00	0.00	0.00	24.00
01L346N01	021	2015/06/19	1200	0000113109	01L346N0101		220.00	0.00	0.00	0.00	0.00	220.00
01L346N01	031	2015/06/19	1200	0000081174	01L346N0101		1480.00	0.00	0.00	0.00	0.00	1480.00
01L346N01	041	2015/06/19	1200	0000071890	01L346N0101		25.00	0.00	0.00	0.00	0.00	25.00
01L346N01	011	2015/06/19	1200	0000076749	01L346N0101		-299.00	0.00	0.00	0.00	0.00	-299.00
01L346N01	011	2015/06/19	1200	0000076712	01L346N0102		177.00	0.00	0.00	0.00	0.00	177.00
01L346N01	031	2015/06/19	1200	0000081284	01L346N0101		244.30	0.00	0.00	0.00	0.00	244.30
01L346N01	041	2015/06/19	1200	0000071832	01L346N0101		90.00	0.00	0.00	0.00	0.00	90.00
01L346N01	031	2015/06/19	1200	0000081246	01L346N0101		199.00	0.00	0.00	0.00	0.00	199.00
01L346N01	031	2015/06/19	1200	0000081267	01L346N0101		68.00	0.00	0.00	0.00	0.00	68.00
01L346N01	041	2015/06/19	1200	0000071956	01L346N0101		49.00	0.00	0.00	0.00	0.00	49.00
01L346N01	021	2015/06/19	1200	0000113106	01L346N0101		165.00	0.00	0.00	0.00	0.00	165.00
01L346N01	041	2015/06/19	1200	0000071938	01L346N0101		13.00	0.00	0.00	0.00	0.00	13.00
01L346N01	011	2015/06/19	1200	0000076744	01L346N0101		299.00	0.00	0.00	0.00	0.00	299.00
01L346N01	021	2015/06/19	1200	0000112986	01L346N0101		20.00	0.00	0.00	0.00	0.00	20.00
01L346N01	021	2015/06/19	1200	0000113074	01L346N0101		199.00	0.00	0.00	0.00	0.00	199.00
01L346N01	031	2015/06/19	1200	0000081238	01L346N0101		848.00	0.00	0.00	0.00	0.00	848.00
01L346N01	031	2015/06/19	1200	0000081249	01L346N0101		199.00	0.00	0.00	0.00	0.00	199.00
01L346N01	021	2015/06/19	1200	0000113145	01L346N0101		174.50	0.00	0.00	0.00	0.00	174.50
01L346N01	021	2015/06/19	1200	0000113025	01L346N0101		78.00	0.00	0.00	0.00	0.00	78.00
01L346N01	011	2015/06/19	1200	0000076723	01L346N0101		50.00	0.00	0.00	0.00	0.00	50.00
01L346N01	021	2015/06/19	1200	0000113035	01L346N0101		274.50	0.00	0.00	0.00	0.00	274.50
01L346N01	041	2015/06/19	1200	0000071842	01L346N0101		199.00	0.00	0.00	0.00	0.00	199.00
01L346N01	021	2015/06/19	1200	0000112971	01L346N0101		203.00	0.00	0.00	0.00	0.00	203.00
01L346N01	011	2015/06/19	1200	0000076728	01L346N0101		398.00	0.00	0.00	0.00	0.00	398.00
01L346N01	011	2015/06/19	1200	0000076730	01L346N0101		129.00	0.00	0.00	0.00	0.00	129.00
01L346N01	021	2015/06/19	1200	0000113010	01L346N0101		699.00	0.00	0.00	0.00	0.00	699.00
01L346N01	011	2015/06/19	1200	0000076736	01L346N0101		428.00	0.00	0.00	0.00	0.00	428.00
01L346N01	041	2015/06/19	1200	0000071858	01L346N0101		97.00	0.00	0.00	0.00	0.00	97.00
01L346N01	041	2015/06/19	1200	0000071905	01L346N0101		450.00	0.00	0.00	0.00	0.00	450.00
01L346N01	031	2015/06/19	1200	0000081282	01L346N0101		75.00	0.00	0.00	0.00	0.00	75.00
01L346N01	041	2015/06/19	1200	0000071916	01L346N0101		498.00	0.00	0.00	0.00	0.00	498.00
01L346N01	031	2015/06/19	1200	0000081215	01L346N0101		499.00	0.00	0.00	0.00	0.00	499.00
01L346N01	021	2015/06/19	1200	0000112962	01L346N0101		199.50	0.00	0.00	0.00	0.00	199.50
01L346N01	021	2015/06/19	1200	0000112969	01L346N0101		190.00	0.00	0.00	0.00	0.00	190.00
01L346N01	031	2015/06/19	1200	0000081150	01L346N0101		398.00	0.00	0.00	0.00	0.00	398.00
01L346N01	021	2015/06/19	1200	0000113123	01L346N0101		572.00	0.00	0.00	0.00	0.00	572.00
01L346N01	011	2015/06/19	1200	0000076809	01L346N0101		696.00	0.00	0.00	0.00	0.00	696.00
01L346N01	041	2015/06/19	1200	0000071921	01L346N0101		799.00	0.00	0.00	0.00	0.00	799.00
01L346N01	021	2015/06/19	1200	0000113094	01L346N0101		118.00	0.00	0.00	0.00	0.00	118.00
01L346N01	041	2015/06/19	1200	0000071886	01L346N0101		26.00	0.00	0.00	0.00	0.00	26.00
01L346N01	021	2015/06/19	1200	0000112934	01L346N0101		230.00	0.00	0.00	0.00	0.00	230.00
01L346N01	031	2015/06/19	1200	0000081198	01L346N0101		378.00	0.00	0.00	0.00	0.00	378.00
01L346N01	031	2015/06/19	1200	0000081209	01L346N0101		124.50	0.00	0.00	0.00	0.00	124.50
01L346N01	031	2015/06/19	1200	0000081136	01L346N0101		274.00	0.00	0.00	0.00	0.00	274.00
01L346N01	021	2015/06/19	1200	0000112954	01L346N0101		648.00	0.00	0.00	0.00	0.00	648.00
01L346N01	021	2015/06/19	1200	0000112967	01L346N0101		249.50	0.00	0.00	0.00	0.00	249.50
01L346N01	031	2015/06/19	1200	0000081266	01L346N0101		508.00	0.00	0.00	0.00	0.00	508.00
01L346N01	021	2015/06/19	1200	0000113144	01L346N0101		269.00	0.00	0.00	0.00	0.00	269.00
01L346N01	031	2015/06/19	1200	0000081222	01L346N0101		150.00	0.00	0.00	0.00	0.00	150.00
01L346N01	011	2015/06/19	1200	0000076731	01L346N0103		6812.00	0.00	0.00	0.00	0.00	6812.00
01L346N01	021	2015/06/19	1200	0000113026	01L346N0101		194.00	0.00	0.00	0.00	0.00	194.00
01L346N01	011	2015/06/19	1200	0000076816	01L346N0101		129.00	0.00	0.00	0.00	0.00	129.00
01L346N01	031	2015/06/19	1200	0000081305	01L346N0101		559.00	0.00	0.00	0.00	0.00	559.00
01L346N01	021	2015/06/19	1200	0000112942	01L346N0101		30.00	0.00	0.00	0.00	0.00	30.00
01L346N01	021	2015/06/19	1200	0000112949	01L346N0101		180.00	0.00	0.00	0.00	0.00	180.00
01L346N01	041	2015/06/19	1200	0000071941	01L346N0101		24.00	0.00	0.00	0.00	0.00	24.00
01L346N01	041	2015/06/19	1200	0000071959	01L346N0101		148.00	0.00	0.00	0.00	0.00	148.00
01L346N01	021	2015/06/19	1200	0000112982	01L346N0101		285.00	0.00	0.00	0.00	0.00	285.00
01L346N01	021	2015/06/19	1200	0000113033	01L346N0101		299.00	0.00	0.00	0.00	0.00	299.00
01L346N01	041	2015/06/19	1200	0000071896	01L346N0102		598.00	0.00	0.00	0.00	0.00	598.00
01L346N01	021	2015/06/19	1200	0000113038	01L346N0101		299.50	0.00	0.00	0.00	0.00	299.50
01L346N01	031	2015/06/19	1200	0000081286	01L346N0101		148.00	0.00	0.00	0.00	0.00	148.00
01L346N01	021	2015/06/19	1200	0000113177	01L346N0101		199.50	0.00	0.00	0.00	0.00	199.50
01L346N01	041	2015/06/19	1200	0000071876	01L346N0101		199.00	0.00	0.00	0.00	0.00	199.00
01L346N01	041	2015/06/19	1200	0000071883	01L346N0101		25.00	0.00	0.00	0.00	0.00	25.00
01L346N01	012	2015/06/19	1200	0000003578	01L346N0101		645.00	0.00	0.00	0.00	0.00	645.00
01L346N01	041	2015/06/19	1200	0000071855	01L346N0101		35.00	0.00	0.00	0.00	0.00	35.00
01L346N01	011	2015/06/19	1200	0000076758	01L346N0101		352.00	0.00	0.00	0.00	0.00	352.00
01L346N01	021	2015/06/19	1200	0000113064	01L346N0101		152.00	0.00	0.00	0.00	0.00	152.00
01L346N01	021	2015/06/19	1200	0000113076	01L346N0101		498.00	0.00	0.00	0.00	0.00	498.00
01L346N01	021	2015/06/19	1200	0000112944	01L346N0101		348.50	0.00	0.00	0.00	0.00	348.50
01L346N01	031	2015/06/19	1200	0000081145	01L346N0101		485.00	0.00	0.00	0.00	0.00	485.00
01L346N01	041	2015/06/19	1200	0000071841	01L346N0101		478.00	0.00	0.00	0.00	0.00	478.00
01L346N01	011	2015/06/19	1200	0000076811	01L346N0101		299.00	0.00	0.00	0.00	0.00	299.00
01L346N01	021	2015/06/19	1200	0000113089	01L346N0101		249.50	0.00	0.00	0.00	0.00	249.50
01L346N01	011	2015/06/19	1200	0000076778	01L346N0101		359.00	0.00	0.00	0.00	0.00	359.00
01L346N01	021	2015/06/19	1200	0000113111	01L346N0101		198.00	0.00	0.00	0.00	0.00	198.00
01L346N01	041	2015/06/19	1200	0000071879	01L346N0101		24.00	0.00	0.00	0.00	0.00	24.00
01L346N01	021	2015/06/19	1200	0000113019	01L346N0101		249.50	0.00	0.00	0.00	0.00	249.50
01L346N01	041	2015/06/19	1200	0000071850	01L346N0101		599.00	0.00	0.00	0.00	0.00	599.00
01L346N01	011	2015/06/19	1200	0000076724	01L346N0101		399.00	0.00	0.00	0.00	0.00	399.00
01L346N01	041	2015/06/19	1200	0000071894	01L346N0101		50.00	0.00	0.00	0.00	0.00	50.00
01L346N01	041	2015/06/19	1200	0000071970	01L346N0101		29.00	0.00	0.00	0.00	0.00	29.00
01L346N01	021	2015/06/19	1200	0000113158	01L346N0101		297.00	0.00	0.00	0.00	0.00	297.00
01L346N01	021	2015/06/19	1200	0000113081	01L346N0101		224.50	0.00	0.00	0.00	0.00	224.50
01L346N01	021	2015/06/19	1200	0000113126	01L346N0101		2592.00	0.00	0.00	0.00	0.00	2592.00
01L346N01	041	2015/06/19	1200	0000071952	01L346N0101		384.00	0.00	0.00	0.00	0.00	384.00
01L346N01	011	2015/06/19	1200	0000076802	01L346N0101		319.00	0.00	0.00	0.00	0.00	319.00
01L346N01	021	2015/06/19	1200	0000113151	01L346N0101		300.00	0.00	0.00	0.00	0.00	300.00
01L346N01	031	2015/06/19	1200	0000081224	01L346N0101		424.00	0.00	0.00	0.00	0.00	424.00
01L346N01	041	2015/06/19	1200	0000071873	01L346N0101		25.00	0.00	0.00	0.00	0.00	25.00
01L346N01	041	2015/06/19	1200	0000071829	01L346N0101		72.00	0.00	0.00	0.00	0.00	72.00
01L346N01	021	2015/06/19	1200	0000112974	01L346N0101		837.20	0.00	0.00	0.00	0.00	837.20
01L346N01	031	2015/06/19	1200	0000081201	01L346N0101		98.00	0.00	0.00	0.00	0.00	98.00
01L346N01	021	2015/06/19	1200	0000113173	01L346N0101		998.00	0.00	0.00	0.00	0.00	998.00
01L346N01	031	2015/06/19	1200	0000081274	01L346N0101		124.50	0.00	0.00	0.00	0.00	124.50
01L346N01	031	2015/06/19	1200	0000081279	01L346N0101		560.00	0.00	0.00	0.00	0.00	560.00
01L346N01	011	2015/06/19	1200	0000076774	01L346N0101		99.00	0.00	0.00	0.00	0.00	99.00
01L346N01	021	2015/06/19	1200	0000113101	01L346N0101		320.00	0.00	0.00	0.00	0.00	320.00
01L346N01	021	2015/06/19	1200	0000113115	01L346N0101		1172.00	0.00	0.00	0.00	0.00	1172.00
01L346N01	021	2015/06/19	1200	0000112928	01L346N0101		249.00	0.00	0.00	0.00	0.00	249.00
01L346N01	031	2015/06/19	1200	0000081155	01L346N0101		149.50	0.00	0.00	0.00	0.00	149.50
01L346N01	011	2015/06/19	1200	0000076714	01L346N0102		107.00	0.00	0.00	0.00	0.00	107.00
01L346N01	031	2015/06/19	1200	0000081166	01L346N0101		399.00	0.00	0.00	0.00	0.00	399.00
01L346N01	011	2015/06/19	1200	0000076764	01L346N0101		158.00	0.00	0.00	0.00	0.00	158.00
01L346N01	021	2015/06/19	1200	0000113070	01L346N0101		203.00	0.00	0.00	0.00	0.00	203.00
01L346N01	041	2015/06/19	1200	0000071946	01L346N0101		140.00	0.00	0.00	0.00	0.00	140.00
01L346N01	041	2015/06/19	1200	0000071932	01L346N0101		58.00	0.00	0.00	0.00	0.00	58.00
01L346N01	031	2015/06/19	1200	0000081234	01L346N0101		573.00	0.00	0.00	0.00	0.00	573.00
01L346N01	031	2015/06/19	1200	0000081179	01L346N0101		199.00	0.00	0.00	0.00	0.00	199.00
01L346N01	041	2015/06/19	1200	0000071828	01L346N0101		212.00	0.00	0.00	0.00	0.00	212.00
01L346N01	041	2015/06/19	1200	0000071854	01L346N0101		276.00	0.00	0.00	0.00	0.00	276.00
01L346N01	021	2015/06/19	1200	0000113040	01L346N0101		99.00	0.00	0.00	0.00	0.00	99.00
01L346N01	021	2015/06/19	1200	0000113042	01L346N0101		379.00	0.00	0.00	0.00	0.00	379.00
01L346N01	041	2015/06/19	1200	0000071903	01L346N0101		423.00	0.00	0.00	0.00	0.00	423.00
01L346N01	031	2015/06/19	1200	0000081199	01L346N0101		320.00	0.00	0.00	0.00	0.00	320.00
01L346N01	011	2015/06/19	1200	0000076821	01L346N0101		290.00	0.00	0.00	0.00	0.00	290.00
01L346N01	031	2015/06/19	1200	0000081138	01L346N0101		375.00	0.00	0.00	0.00	0.00	375.00
01L346N01	021	2015/06/19	1200	0000112955	01L346N0101		299.50	0.00	0.00	0.00	0.00	299.50
01L346N01	021	2015/06/19	1200	0000113117	01L346N0101		135.00	0.00	0.00	0.00	0.00	135.00
01L346N01	011	2015/06/19	1200	0000076797	01L346N0101		398.00	0.00	0.00	0.00	0.00	398.00
01L346N01	021	2015/06/19	1200	0000113147	01L346N0101		149.50	0.00	0.00	0.00	0.00	149.50
01L346N01	041	2015/06/19	1200	0000071963	01L346N0101		286.00	0.00	0.00	0.00	0.00	286.00
01L346N01	011	2015/06/19	1200	0000076732	01L346N0101		78.00	0.00	0.00	0.00	0.00	78.00
01L346N01	041	2015/06/19	1200	0000071857	01L346N0101		201.00	0.00	0.00	0.00	0.00	201.00
01L346N01	021	2015/06/19	1200	0000112937	01L346N0101		183.00	0.00	0.00	0.00	0.00	183.00
01L346N01	021	2015/06/19	1200	0000112970	01L346N0101		235.00	0.00	0.00	0.00	0.00	235.00
01L346N01	031	2015/06/19	1200	0000081257	01L346N0101		239.00	0.00	0.00	0.00	0.00	239.00
01L346N01	031	2015/06/19	1200	0000081259	01L346N0101		183.00	0.00	0.00	0.00	0.00	183.00
01L346N01	021	2015/06/19	1200	0000113146	01L346N0101		419.30	0.00	0.00	0.00	0.00	419.30
01L346N01	041	2015/06/19	1200	0000071880	01L346N0101		251.00	0.00	0.00	0.00	0.00	251.00
01L346N01	021	2015/06/19	1200	0000113021	01L346N0101		873.50	0.00	0.00	0.00	0.00	873.50
01L346N01	021	2015/06/19	1200	0000112976	01L346N0101		39.00	0.00	0.00	0.00	0.00	39.00
01L346N01	041	2015/06/19	1200	0000071846	01L346N0101		89.00	0.00	0.00	0.00	0.00	89.00
01L346N01	021	2015/06/19	1200	0000112984	01L346N0101		189.00	0.00	0.00	0.00	0.00	189.00
01L346N01	012	2015/06/19	1200	0000003579	01L346N0101		590.00	0.00	0.00	0.00	0.00	590.00
01L346N01	021	2015/06/19	1200	0000112995	01L346N0101		4000.00	0.00	0.00	0.00	0.00	4000.00
01L346N01	031	2015/06/19	1200	0000081196	01L346N0101		99.00	0.00	0.00	0.00	0.00	99.00
01L346N01	021	2015/06/19	1200	0000113163	01L346N0101		299.50	0.00	0.00	0.00	0.00	299.50
01L346N01	031	2015/06/19	1200	0000081304	01L346N0101		249.00	0.00	0.00	0.00	0.00	249.00
01L346N01	011	2015/06/19	1200	0000076696	01L346N0101		105.00	0.00	0.00	0.00	0.00	105.00
01L346N01	031	2015/06/19	1200	0000081281	01L346N0101		144.00	0.00	0.00	0.00	0.00	144.00
01L346N01	041	2015/06/19	1200	0000071919	01L346N0101		181.00	0.00	0.00	0.00	0.00	181.00
01L346N01	031	2015/06/19	1200	0000081225	01L346N0101		239.00	0.00	0.00	0.00	0.00	239.00
01L346N01	031	2015/06/19	1200	0000081236	01L346N0101		390.00	0.00	0.00	0.00	0.00	390.00
01L346N01	031	2015/06/19	1200	0000081182	01L346N0101		399.00	0.00	0.00	0.00	0.00	399.00
01L346N01	011	2015/06/19	1200	0000076725	01L346N0101		420.00	0.00	0.00	0.00	0.00	420.00
01L346N01	041	2015/06/19	1200	0000071899	01L346N0101		50.00	0.00	0.00	0.00	0.00	50.00
01L346N01	011	2015/06/19	1200	0000076754	01L346N0101		258.00	0.00	0.00	0.00	0.00	258.00
01L346N01	021	2015/06/19	1200	0000113164	01L346N0101		388.00	0.00	0.00	0.00	0.00	388.00
01L346N01	011	2015/06/19	1200	0000076784	01L346N0101		428.00	0.00	0.00	0.00	0.00	428.00
01L346N01	011	2015/06/19	1200	0000076793	01L346N0101		448.00	0.00	0.00	0.00	0.00	448.00
01L346N01	031	2015/06/19	1200	0000081265	01L346N0101		349.00	0.00	0.00	0.00	0.00	349.00
01L346N01	041	2015/06/19	1200	0000071955	01L346N0101		202.00	0.00	0.00	0.00	0.00	202.00
01L346N01	011	2015/06/19	1200	0000076796	01L346N0101		179.00	0.00	0.00	0.00	0.00	179.00
01L346N01	021	2015/06/19	1200	0000113140	01L346N0101		130.00	0.00	0.00	0.00	0.00	130.00
01L346N01	021	2015/06/19	1200	0000113150	01L346N0101		17.00	0.00	0.00	0.00	0.00	17.00
01L346N01	021	2015/06/19	1200	0000113155	01L346N0101		249.50	0.00	0.00	0.00	0.00	249.50
01L346N01	041	2015/06/19	1200	0000071928	01L346N0101		100.00	0.00	0.00	0.00	0.00	100.00
01L346N01	021	2015/06/19	1200	0000113112	01L346N0101		299.00	0.00	0.00	0.00	0.00	299.00
01L346N01	031	2015/06/19	1200	0000081233	01L346N0101		199.00	0.00	0.00	0.00	0.00	199.00
01L346N01	011	2015/06/19	1200	0000076734	01L346N0101		713.00	0.00	0.00	0.00	0.00	713.00
01L346N01	041	2015/06/19	1200	0000071885	01L346N0101		498.00	0.00	0.00	0.00	0.00	498.00
01L346N01	011	2015/06/19	1200	0000076691	01L346N0101		599.00	0.00	0.00	0.00	0.00	599.00
01L346N01	011	2015/06/19	1200	0000076756	01L346N0101		437.00	0.00	0.00	0.00	0.00	437.00
01L346N01	011	2015/06/19	1200	0000076757	01L346N0101		550.00	0.00	0.00	0.00	0.00	550.00
01L346N01	021	2015/06/19	1200	0000113159	01L346N0101		180.00	0.00	0.00	0.00	0.00	180.00
01L346N01	021	2015/06/19	1200	0000113186	01L346N0101		9.60	0.00	0.00	0.00	0.00	9.60
01L346N01	021	2015/06/19	1200	0000112940	01L346N0101		706.00	0.00	0.00	0.00	0.00	706.00
01L346N01	011	2015/06/19	1200	0000076693	01L346N0101		69.00	0.00	0.00	0.00	0.00	69.00
01L346N01	021	2015/06/19	1200	0000113121	01L346N0101		217.00	0.00	0.00	0.00	0.00	217.00
01L346N01	021	2015/06/19	1200	0000113125	01L346N0101		299.50	0.00	0.00	0.00	0.00	299.50
01L346N01	021	2015/06/19	1200	0000113131	01L346N0101		306.00	0.00	0.00	0.00	0.00	306.00
01L346N01	041	2015/06/19	1200	0000071949	01L346N0101		124.00	0.00	0.00	0.00	0.00	124.00
01L346N01	041	2015/06/19	1200	0000071875	01L346N0101		282.00	0.00	0.00	0.00	0.00	282.00
01L346N01	031	2015/06/19	1200	0000081175	01L346N0101		234.00	0.00	0.00	0.00	0.00	234.00
01L346N01	011	2015/06/19	1200	0000076735	01L346N0101		517.00	0.00	0.00	0.00	0.00	517.00
01L346N01	041	2015/06/19	1200	0000071843	01L346N0101		111.00	0.00	0.00	0.00	0.00	111.00
01L346N01	011	2015/06/19	1200	0000076711	01L346N0101		1442.00	0.00	0.00	0.00	0.00	1442.00
01L346N01	031	2015/06/19	1200	0000081158	01L346N0101		500.00	0.00	0.00	0.00	0.00	500.00
01L346N01	031	2015/06/19	1200	0000081190	01L346N0101		100.00	0.00	0.00	0.00	0.00	100.00
01L346N01	021	2015/06/19	1200	0000113050	01L346N0101		392.00	0.00	0.00	0.00	0.00	392.00
01L346N01	021	2015/06/19	1200	0000113179	01L346N0101		180.00	0.00	0.00	0.00	0.00	180.00
01L346N01	011	2015/06/19	1200	0000076827	01L346N0101		428.00	0.00	0.00	0.00	0.00	428.00
01L346N01	021	2015/06/19	1200	0000113066	01L346N0101		358.00	0.00	0.00	0.00	0.00	358.00
01L346N01	021	2015/06/19	1200	0000113069	01L346N0101		59.00	0.00	0.00	0.00	0.00	59.00
01L346N01	011	2015/06/19	1200	0000076763	01L346N0103		719.00	0.00	0.00	0.00	0.00	719.00
01L346N01	012	2015/06/19	1200	0000003591	01L346N0101		421.00	0.00	0.00	0.00	0.00	421.00
01L346N01	031	2015/06/19	1200	0000081139	01L346N0101		298.00	0.00	0.00	0.00	0.00	298.00
01L346N01	021	2015/06/19	1200	0000112958	01L346N0101		198.00	0.00	0.00	0.00	0.00	198.00
01L346N01	011	2015/06/19	1200	0000076789	01L346N0101		99.00	0.00	0.00	0.00	0.00	99.00
01L346N01	031	2015/06/19	1200	0000081276	01L346N0101		944.00	0.00	0.00	0.00	0.00	944.00
01L346N01	041	2015/06/19	1200	0000071962	01L346N0101		377.00	0.00	0.00	0.00	0.00	377.00
01L346N01	021	2015/06/19	1200	0000113154	01L346N0101		249.50	0.00	0.00	0.00	0.00	249.50
01L346N01	041	2015/06/19	1200	0000071878	01L346N0101		25.00	0.00	0.00	0.00	0.00	25.00
01L346N01	011	2015/06/19	1200	0000076720	01L346N0101		299.00	0.00	0.00	0.00	0.00	299.00
01L346N01	041	2015/06/19	1200	0000071871	01L346N0101		52.00	0.00	0.00	0.00	0.00	52.00
01L346N01	031	2015/06/19	1200	0000081203	01L346N0101		268.00	0.00	0.00	0.00	0.00	268.00
01L346N01	021	2015/06/19	1200	0000113071	01L346N0101		626.00	0.00	0.00	0.00	0.00	626.00
01L346N01	021	2015/06/19	1200	0000112965	01L346N0101		404.00	0.00	0.00	0.00	0.00	404.00
01L346N01	041	2015/06/19	1200	0000071920	01L346N0101		102.00	0.00	0.00	0.00	0.00	102.00
01L346N01	021	2015/06/19	1200	0000113103	01L346N0101		200.00	0.00	0.00	0.00	0.00	200.00
01L346N01	021	2015/06/19	1200	0000113003	01L346N0101		135.00	0.00	0.00	0.00	0.00	135.00
01L346N01	022	2015/06/19	1200	0000016937	01L346N0101		529.00	0.00	0.00	0.00	0.00	529.00
01L346N01	011	2015/06/19	1200	0000076710	01L346N0101		50.00	0.00	0.00	0.00	0.00	50.00
01L346N01	041	2015/06/19	1200	0000071864	01L346N0101		410.00	0.00	0.00	0.00	0.00	410.00
01L346N01	041	2015/06/19	1200	0000071870	01L346N0102		53.00	0.00	0.00	0.00	0.00	53.00
01L346N01	031	2015/06/19	1200	0000081183	01L346N0101		148.00	0.00	0.00	0.00	0.00	148.00
01L346N01	021	2015/06/19	1200	0000113162	01L346N0101		268.00	0.00	0.00	0.00	0.00	268.00
01L346N01	021	2015/06/19	1200	0000113183	01L346N0101		199.00	0.00	0.00	0.00	0.00	199.00
01L346N01	021	2015/06/19	1200	0000113063	01L346N0101		59.00	0.00	0.00	0.00	0.00	59.00
01L346N01	041	2015/06/19	1200	0000071912	01L346N0101		293.00	0.00	0.00	0.00	0.00	293.00
01L346N01	012	2015/06/19	1200	0000003585	01L346N0101		750.00	0.00	0.00	0.00	0.00	750.00
01L346N01	041	2015/06/19	1200	0000071945	01L346N0101		52.00	0.00	0.00	0.00	0.00	52.00
01L346N01	021	2015/06/19	1200	0000113091	01L346N0101		658.30	0.00	0.00	0.00	0.00	658.30
01L346N01	011	2015/06/19	1200	0000076706	01L346N0101		599.00	0.00	0.00	0.00	0.00	599.00
01L346N01	021	2015/06/19	1200	0000112985	01L346N0101		274.00	0.00	0.00	0.00	0.00	274.00
01L346N01	021	2015/06/19	1200	0000112989	01L346N0101		389.00	0.00	0.00	0.00	0.00	389.00
01L346N01	011	2015/06/19	1200	0000076813	01L346N0101		129.00	0.00	0.00	0.00	0.00	129.00
01L346N01	021	2015/06/19	1200	0000113072	01L346N0101		210.00	0.00	0.00	0.00	0.00	210.00
01L346N01	021	2015/06/19	1200	0000113075	01L346N0101		130.00	0.00	0.00	0.00	0.00	130.00
01L346N01	021	2015/06/19	1200	0000113082	01L346N0101		159.00	0.00	0.00	0.00	0.00	159.00
01L346N01	041	2015/06/19	1200	0000071918	01L346N0101		478.00	0.00	0.00	0.00	0.00	478.00
01L346N01	012	2015/06/19	1200	0000003590	01L346N0101		178.00	0.00	0.00	0.00	0.00	178.00
01L346N01	011	2015/06/19	1200	0000076692	01L346N0101		128.00	0.00	0.00	0.00	0.00	128.00
01L346N01	031	2015/06/19	1200	0000081141	01L346N0101		300.00	0.00	0.00	0.00	0.00	300.00
01L346N01	041	2015/06/19	1200	0000071944	01L346N0101		89.00	0.00	0.00	0.00	0.00	89.00
01L346N01	031	2015/06/19	1200	0000081254	01L346N0101		494.00	0.00	0.00	0.00	0.00	494.00
01L346N01	031	2015/06/19	1200	0000081229	01L346N0101		616.00	0.00	0.00	0.00	0.00	616.00
01L346N01	021	2015/06/19	1200	0000113014	01L346N0101		88.00	0.00	0.00	0.00	0.00	88.00
01L346N01	021	2015/06/19	1200	0000112933	01L346N0101		249.00	0.00	0.00	0.00	0.00	249.00
01L346N01	031	2015/06/19	1200	0000081171	01L346N0101		320.00	0.00	0.00	0.00	0.00	320.00
01L346N01	041	2015/06/19	1200	0000071891	01L346N0101		258.00	0.00	0.00	0.00	0.00	258.00
01L346N01	031	2015/06/19	1200	0000081193	01L346N0101		198.00	0.00	0.00	0.00	0.00	198.00
01L346N01	021	2015/06/19	1200	0000113057	01L346N0101		937.70	0.00	0.00	0.00	0.00	937.70
01L346N01	031	2015/06/19	1200	0000081212	01L346N0101		198.00	0.00	0.00	0.00	0.00	198.00
01L346N01	021	2015/06/19	1200	0000113077	01L346N0101		798.00	0.00	0.00	0.00	0.00	798.00
01L346N01	021	2015/06/19	1200	0000112948	01L346N0101		312.00	0.00	0.00	0.00	0.00	312.00
01L346N01	031	2015/06/19	1200	0000081140	01L346N0101		30.00	0.00	0.00	0.00	0.00	30.00
01L346N01	031	2015/06/19	1200	0000081149	01L346N0101		299.00	0.00	0.00	0.00	0.00	299.00
01L346N01	021	2015/06/19	1200	0000112973	01L346N0101		833.50	0.00	0.00	0.00	0.00	833.50
01L346N01	021	2015/06/19	1200	0000113087	01L346N0101		898.00	0.00	0.00	0.00	0.00	898.00
01L346N01	021	2015/06/19	1200	0000113114	01L346N0101		1118.00	0.00	0.00	0.00	0.00	1118.00
01L346N01	021	2015/06/19	1200	0000113013	01L346N0101		590.00	0.00	0.00	0.00	0.00	590.00
01L346N01	012	2015/06/19	1200	0000003580	01L346N0101		23851.50	0.00	0.00	0.00	0.00	23851.50
01L346N01	021	2015/06/19	1200	0000112935	01L346N0101		414.00	0.00	0.00	0.00	0.00	414.00
01L346N01	021	2015/06/19	1200	0000112998	01L346N0101		133.00	0.00	0.00	0.00	0.00	133.00
01L346N01	021	2015/06/19	1200	0000113029	01L346N0101		198.00	0.00	0.00	0.00	0.00	198.00
01L346N01	031	2015/06/19	1200	0000081195	01L346N0101		374.00	0.00	0.00	0.00	0.00	374.00
01L346N01	041	2015/06/19	1200	0000071911	01L346N0101		2355.00	0.00	0.00	0.00	0.00	2355.00
01L346N01	012	2015/06/19	1200	0000003586	01L346N0101		2755.00	0.00	0.00	0.00	0.00	2755.00
01L346N01	021	2015/06/19	1200	0000113116	01L346N0101		266.00	0.00	0.00	0.00	0.00	266.00
01L346N01	031	2015/06/19	1200	0000081248	01L346N0101		424.00	0.00	0.00	0.00	0.00	424.00
01L346N01	031	2015/06/19	1200	0000081251	01L346N0101		559.00	0.00	0.00	0.00	0.00	559.00
01L346N01	021	2015/06/19	1200	0000113096	01L346N0101		99.00	0.00	0.00	0.00	0.00	99.00
01L346N01	031	2015/06/19	1200	0000081226	01L346N0101		1580.00	0.00	0.00	0.00	0.00	1580.00
01L346N01	011	2015/06/19	1200	0000076780	01L346N0101		299.00	0.00	0.00	0.00	0.00	299.00
01L346N01	021	2015/06/19	1200	0000112994	01L346N0101		99.00	0.00	0.00	0.00	0.00	99.00
01L346N01	021	2015/06/19	1200	0000113001	01L346N0101		340.00	0.00	0.00	0.00	0.00	340.00
01L346N01	041	2015/06/19	1200	0000071898	01L346N0101		30.00	0.00	0.00	0.00	0.00	30.00
01L346N01	031	2015/06/19	1200	0000081191	01L346N0101		128.00	0.00	0.00	0.00	0.00	128.00
01L346N01	011	2015/06/19	1200	0000076820	01L346N0101		286.00	0.00	0.00	0.00	0.00	286.00
01L346N01	021	2015/06/19	1200	0000113073	01L346N0101		203.00	0.00	0.00	0.00	0.00	203.00
01L346N01	011	2015/06/19	1200	0000076694	01L346N0101		790.00	0.00	0.00	0.00	0.00	790.00
01L346N01	021	2015/06/19	1200	0000112947	01L346N0101		1133.00	0.00	0.00	0.00	0.00	1133.00
01L346N01	011	2015/06/19	1200	0000076785	01L346N0101		499.00	0.00	0.00	0.00	0.00	499.00
01L346N01	011	2015/06/19	1200	0000076798	01L346N0101		154.00	0.00	0.00	0.00	0.00	154.00
01L346N01	011	2015/06/19	1200	0000076804	01L346N0101		194.00	0.00	0.00	0.00	0.00	194.00
01L346N01	021	2015/06/19	1200	0000113084	01L346N0101		274.50	0.00	0.00	0.00	0.00	274.50
01L346N01	041	2015/06/19	1200	0000071924	01L346N0101		42.00	0.00	0.00	0.00	0.00	42.00
01L346N01	021	2015/06/19	1200	0000113098	01L346N0101		698.00	0.00	0.00	0.00	0.00	698.00
01L346N01	042	2015/06/19	1200	0000002869	01L346N0101		2259.00	0.00	0.00	0.00	0.00	2259.00
01L346N01	021	2015/06/19	1200	0000113024	01L346N0101		39.00	0.00	0.00	0.00	0.00	39.00
01L346N01	093	2015/06/19	1200	0000011975	01L346N0101		99.00	0.00	0.00	0.00	0.00	99.00
01L346N01	021	2015/06/19	1200	0000113052	01L346N0101		118.00	0.00	0.00	0.00	0.00	118.00
01L346N01	021	2015/06/19	1200	0000113065	01L346N0101		228.00	0.00	0.00	0.00	0.00	228.00
01L346N01	031	2015/06/19	1200	0000081143	01L346N0101		399.00	0.00	0.00	0.00	0.00	399.00
01L346N01	031	2015/06/19	1200	0000081239	01L346N0101		99.00	0.00	0.00	0.00	0.00	99.00
01L346N01	021	2015/06/19	1200	0000113128	01L346N0101		172.00	0.00	0.00	0.00	0.00	172.00
01L346N01	031	2015/06/19	1200	0000081172	01L346N0101		199.00	0.00	0.00	0.00	0.00	199.00
01L346N01	011	2015/06/19	1200	0000076737	01L346N0101		379.00	0.00	0.00	0.00	0.00	379.00
01L346N01	021	2015/06/19	1200	0000113023	01L346N0101		80.00	0.00	0.00	0.00	0.00	80.00
01L346N01	011	2015/06/19	1200	0000076688	01L346N0101		450.00	0.00	0.00	0.00	0.00	450.00
01L346N01	031	2015/06/19	1200	0000081161	01L346N0101		880.00	0.00	0.00	0.00	0.00	880.00
01L346N01	021	2015/06/19	1200	0000113036	01L346N0101		274.50	0.00	0.00	0.00	0.00	274.50
01L346N01	011	2015/06/19	1200	0000076812	01L346N0101		450.00	0.00	0.00	0.00	0.00	450.00
01L346N01	031	2015/06/19	1200	0000081208	01L346N0101		1632.00	0.00	0.00	0.00	0.00	1632.00
01L346N01	031	2015/06/19	1200	0000081278	01L346N0101		640.00	0.00	0.00	0.00	0.00	640.00
01L346N01	021	2015/06/19	1200	0000113102	01L346N0101		392.00	0.00	0.00	0.00	0.00	392.00
01L346N01	021	2015/06/19	1200	0000113104	01L346N0101		349.50	0.00	0.00	0.00	0.00	349.50
01L346N01	011	2015/06/19	1200	0000076686	01L346N0103		345.00	0.00	0.00	0.00	0.00	345.00
01L346N01	011	2015/06/19	1200	0000076817	01L346N0101		315.00	0.00	0.00	0.00	0.00	315.00
01L346N01	021	2015/06/19	1200	0000113061	01L346N0101		183.00	0.00	0.00	0.00	0.00	183.00
01L346N01	011	2015/06/19	1200	0000076765	01L346N0101		499.00	0.00	0.00	0.00	0.00	499.00
01L346N01	031	2015/06/19	1200	0000081216	01L346N0101		499.00	0.00	0.00	0.00	0.00	499.00
01L346N01	021	2015/06/19	1200	0000113083	01L346N0101		103.00	0.00	0.00	0.00	0.00	103.00
01L346N01	021	2015/06/19	1200	0000112964	01L346N0101		118.00	0.00	0.00	0.00	0.00	118.00
01L346N01	021	2015/06/19	1200	0000113149	01L346N0101		473.00	0.00	0.00	0.00	0.00	473.00
01L346N01	011	2015/06/19	1200	0000076773	01L346N0101		148.00	0.00	0.00	0.00	0.00	148.00
01L346N01	021	2015/06/19	1200	0000113012	01L346N0101		454.30	0.00	0.00	0.00	0.00	454.30
01L346N01	011	2015/06/19	1200	0000076690	01L346N0101		278.00	0.00	0.00	0.00	0.00	278.00
01L346N01	021	2015/06/19	1200	0000112978	01L346N0101		550.00	0.00	0.00	0.00	0.00	550.00
01L346N01	021	2015/06/19	1200	0000112991	01L346N0101		59.00	0.00	0.00	0.00	0.00	59.00
01L346N01	041	2015/06/19	1200	0000071867	01L346N0101		77.00	0.00	0.00	0.00	0.00	77.00
01L346N01	021	2015/06/19	1200	0000112961	01L346N0101		174.50	0.00	0.00	0.00	0.00	174.50
01L346N01	011	2015/06/19	1200	0000076800	01L346N0101		400.00	0.00	0.00	0.00	0.00	400.00
01L346N01	021	2015/06/19	1200	0000113156	01L346N0101		99.00	0.00	0.00	0.00	0.00	99.00
01L346N01	041	2015/06/19	1200	0000071845	01L346N0101		25.00	0.00	0.00	0.00	0.00	25.00
01L346N01	041	2015/06/19	1200	0000071852	01L346N0101		88.00	0.00	0.00	0.00	0.00	88.00
01L346N01	021	2015/06/19	1200	0000113044	01L346N0101		179.00	0.00	0.00	0.00	0.00	179.00
01L346N01	021	2015/06/19	1200	0000113056	01L346N0101		673.00	0.00	0.00	0.00	0.00	673.00
01L346N01	031	2015/06/19	1200	0000081211	01L346N0101		573.50	0.00	0.00	0.00	0.00	573.50
01L346N01	041	2015/06/19	1200	0000071917	01L346N0101		90.00	0.00	0.00	0.00	0.00	90.00
01L346N01	021	2015/06/19	1200	0000112943	01L346N0101		299.00	0.00	0.00	0.00	0.00	299.00
01L346N01	031	2015/06/19	1200	0000081142	01L346N0101		698.00	0.00	0.00	0.00	0.00	698.00
01L346N01	021	2015/06/19	1200	0000112968	01L346N0101		498.00	0.00	0.00	0.00	0.00	498.00
01L346N01	041	2015/06/19	1200	0000071940	01L346N0101		622.00	0.00	0.00	0.00	0.00	622.00
01L346N01	021	2015/06/19	1200	0000113143	01L346N0101		320.00	0.00	0.00	0.00	0.00	320.00
01L346N01	041	2015/06/19	1200	0000071930	01L346N0101		319.00	0.00	0.00	0.00	0.00	319.00
01L346N01	011	2015/06/19	1200	0000076779	01L346N0101		98.00	0.00	0.00	0.00	0.00	98.00
01L346N01	031	2015/06/19	1200	0000081131	01L346N0101		150.00	0.00	0.00	0.00	0.00	150.00
01L346N01	031	2015/06/19	1200	0000081154	01L346N0101		349.00	0.00	0.00	0.00	0.00	349.00
01L346N01	041	2015/06/19	1200	0000071860	01L346N0101		64.00	0.00	0.00	0.00	0.00	64.00
01L346N01	021	2015/06/19	1200	0000113055	01L346N0101		499.00	0.00	0.00	0.00	0.00	499.00
01L346N01	041	2015/06/19	1200	0000071915	01L346N0101		275.00	0.00	0.00	0.00	0.00	275.00
01L346N01	021	2015/06/19	1200	0000112957	01L346N0101		498.50	0.00	0.00	0.00	0.00	498.50
01L346N01	041	2015/06/19	1200	0000071942	01L346N0101		79.00	0.00	0.00	0.00	0.00	79.00
01L346N01	011	2015/06/19	1200	0000076803	01L346N0101		748.00	0.00	0.00	0.00	0.00	748.00
01L346N01	021	2015/06/19	1200	0000113093	01L346N0101		349.00	0.00	0.00	0.00	0.00	349.00
01L346N01	011	2015/06/19	1200	0000076743	01L346N0101		280.00	0.00	0.00	0.00	0.00	280.00
01L346N01	031	2015/06/19	1200	0000081181	01L346N0101		324.00	0.00	0.00	0.00	0.00	324.00
01L346N01	021	2015/06/19	1200	0000112931	01L346N0101		314.00	0.00	0.00	0.00	0.00	314.00
01L346N01	031	2015/06/19	1200	0000081165	01L346N0101		1121.00	0.00	0.00	0.00	0.00	1121.00
01L346N01	041	2015/06/19	1200	0000071863	01L346N0101		38.00	0.00	0.00	0.00	0.00	38.00
01L346N01	021	2015/06/19	1200	0000113037	01L346N0101		624.00	0.00	0.00	0.00	0.00	624.00
01L346N01	041	2015/06/19	1200	0000071974	01L346N0101		263.00	0.00	0.00	0.00	0.00	263.00
01L346N01	021	2015/06/19	1200	0000113185	01L346N0101		500.00	0.00	0.00	0.00	0.00	500.00
01L346N01	021	2015/06/19	1200	0000113078	01L346N0101		209.00	0.00	0.00	0.00	0.00	209.00
01L346N01	011	2015/06/19	1200	0000076697	01L346N0101		299.00	0.00	0.00	0.00	0.00	299.00
01L346N01	021	2015/06/19	1200	0000112963	01L346N0101		95.00	0.00	0.00	0.00	0.00	95.00
01L346N01	011	2015/06/19	1200	0000076702	01L346N0101		745.00	0.00	0.00	0.00	0.00	745.00
01L346N01	021	2015/06/19	1200	0000113122	01L346N0101		129.00	0.00	0.00	0.00	0.00	129.00
01L346N01	021	2015/06/19	1200	0000113139	01L346N0101		239.00	0.00	0.00	0.00	0.00	239.00
01L346N01	011	2015/06/19	1200	0000076739	01L346N0101		408.00	0.00	0.00	0.00	0.00	408.00
01L346N01	031	2015/06/19	1200	0000081156	01L346N0101		199.00	0.00	0.00	0.00	0.00	199.00
01L346N01	021	2015/06/19	1200	0000113049	01L346N0101		99.00	0.00	0.00	0.00	0.00	99.00
01L346N01	021	2015/06/19	1200	0000113051	01L346N0101		59.00	0.00	0.00	0.00	0.00	59.00
01L346N01	031	2015/06/19	1200	0000081289	01L346N0101		320.00	0.00	0.00	0.00	0.00	320.00
01L346N01	021	2015/06/19	1200	0000113169	01L346N0101		115.00	0.00	0.00	0.00	0.00	115.00
01L346N01	021	2015/06/19	1200	0000113058	01L346N0101		392.00	0.00	0.00	0.00	0.00	392.00
01L346N01	031	2015/06/19	1200	0000081270	01L346N0101		349.00	0.00	0.00	0.00	0.00	349.00
01L346N01	021	2015/06/19	1200	0000113006	01L346N0101		124.50	0.00	0.00	0.00	0.00	124.50
01L346N01	041	2015/06/19	1200	0000071884	01L346N0101		30.00	0.00	0.00	0.00	0.00	30.00
01L346N01	011	2015/06/19	1200	0000076742	01L346N0101		872.00	0.00	0.00	0.00	0.00	872.00
01L346N01	011	2015/06/19	1200	0000076707	01L346N0101		140.00	0.00	0.00	0.00	0.00	140.00
01L346N01	031	2015/06/19	1200	0000081185	01L346N0101		449.00	0.00	0.00	0.00	0.00	449.00
01L346N01	021	2015/06/19	1200	0000113031	01L346N0101		454.00	0.00	0.00	0.00	0.00	454.00
01L346N01	041	2015/06/19	1200	0000071967	01L346N0101		35.00	0.00	0.00	0.00	0.00	35.00
01L346N01	011	2015/06/19	1200	0000076760	01L346N0101		428.00	0.00	0.00	0.00	0.00	428.00
01L346N01	021	2015/06/19	1200	0000113079	01L346N0101		266.00	0.00	0.00	0.00	0.00	266.00
01L346N01	011	2015/06/19	1200	0000076770	01L346N0101		270.00	0.00	0.00	0.00	0.00	270.00
01L346N01	012	2015/06/19	1200	0000003588	01L346N0101		178.00	0.00	0.00	0.00	0.00	178.00
01L346N01	011	2015/06/19	1200	0000076699	01L346N0101		2498.00	0.00	0.00	0.00	0.00	2498.00
01L346N01	021	2015/06/19	1200	0000112966	01L346N0101		399.00	0.00	0.00	0.00	0.00	399.00
01L346N01	021	2015/06/19	1200	0000113119	01L346N0101		249.50	0.00	0.00	0.00	0.00	249.50
01L346N01	031	2015/06/19	1200	0000081243	01L346N0101		699.00	0.00	0.00	0.00	0.00	699.00
01L346N01	041	2015/06/19	1200	0000071943	01L346N0101		259.00	0.00	0.00	0.00	0.00	259.00
01L346N01	031	2015/06/19	1200	0000081244	01L346N0101		559.00	0.00	0.00	0.00	0.00	559.00
01L346N01	031	2015/06/19	1200	0000081250	01L346N0101		218.00	0.00	0.00	0.00	0.00	218.00
01L346N01	041	2015/06/19	1200	0000071948	01L346N0101		280.00	0.00	0.00	0.00	0.00	280.00
01L346N01	021	2015/06/19	1200	0000113107	01L346N0101		99.00	0.00	0.00	0.00	0.00	99.00
01L346N01	021	2015/06/19	1200	0000113110	01L346N0101		100.00	0.00	0.00	0.00	0.00	100.00
01L346N01	021	2015/06/19	1200	0000112987	01L346N0101		299.50	0.00	0.00	0.00	0.00	299.50
01L346N01	031	2015/06/19	1200	0000081168	01L346N0101		218.00	0.00	0.00	0.00	0.00	218.00
01L346N01	011	2015/06/19	1200	0000076726	01L346N0101		59.00	0.00	0.00	0.00	0.00	59.00
01L346N01	031	2015/06/19	1200	0000081186	01L346N0101		358.00	0.00	0.00	0.00	0.00	358.00
01L346N01	011	2015/06/19	1200	0000076752	01L346N0103		1894.00	0.00	0.00	0.00	0.00	1894.00
01L346N01	021	2015/06/19	1200	0000113047	01L346N0101		768.00	0.00	0.00	0.00	0.00	768.00
01L346N01	031	2015/06/19	1200	0000081299	01L346N0101		199.00	0.00	0.00	0.00	0.00	199.00
01L346N01	031	2015/06/19	1200	0000081302	01L346N0101		1593.00	0.00	0.00	0.00	0.00	1593.00
01L346N01	041	2015/06/19	1200	0000071913	01L346N0101		293.00	0.00	0.00	0.00	0.00	293.00
01L346N01	021	2015/06/19	1200	0000112952	01L346N0101		115.00	0.00	0.00	0.00	0.00	115.00
01L346N01	031	2015/06/19	1200	0000081253	01L346N0101		318.00	0.00	0.00	0.00	0.00	318.00
01L346N01	021	2015/06/19	1200	0000113100	01L346N0101		39.00	0.00	0.00	0.00	0.00	39.00
01L346N01	031	2015/06/19	1200	0000081231	01L346N0101		238.00	0.00	0.00	0.00	0.00	238.00
01L346N01	022	2015/06/19	1200	0000016936	01L346N0101		135.00	0.00	0.00	0.00	0.00	135.00
01L346N01	021	2015/06/19	1200	0000112996	01L346N0101		224.50	0.00	0.00	0.00	0.00	224.50
01L346N01	021	2015/06/19	1200	0000113039	01L346N0101		274.50	0.00	0.00	0.00	0.00	274.50
01L346N01	021	2015/06/19	1200	0000113181	01L346N0101		354.00	0.00	0.00	0.00	0.00	354.00
01L346N01	011	2015/06/19	1200	0000076766	01L346N0101		1230.00	0.00	0.00	0.00	0.00	1230.00
01L346N01	021	2015/06/19	1200	0000113118	01L346N0101		174.50	0.00	0.00	0.00	0.00	174.50
01L346N01	031	2015/06/19	1200	0000081273	01L346N0101		599.00	0.00	0.00	0.00	0.00	599.00
01L346N01	021	2015/06/19	1200	0000113153	01L346N0101		73.00	0.00	0.00	0.00	0.00	73.00
01L346N01	021	2015/06/19	1200	0000113009	01L346N0101		124.50	0.00	0.00	0.00	0.00	124.50
01L346N01	031	2015/06/19	1200	0000081178	01L346N0101		489.00	0.00	0.00	0.00	0.00	489.00
01L346N01	041	2015/06/19	1200	0000071830	01L346N0101		0.00	0.00	0.00	0.00	0.00	0.00
01L346N01	031	2015/06/19	1200	0000081151	01L346N0101		119.00	0.00	0.00	0.00	0.00	119.00
01L346N01	041	2015/06/19	1200	0000071861	01L346N0101		53.00	0.00	0.00	0.00	0.00	53.00
01L346N01	021	2015/06/19	1200	0000113161	01L346N0101		100.00	0.00	0.00	0.00	0.00	100.00
01L346N01	031	2015/06/19	1200	0000081306	01L346N0101		79.00	0.00	0.00	0.00	0.00	79.00
01L346N01	021	2015/06/19	1200	0000112956	01L346N0101		59.00	0.00	0.00	0.00	0.00	59.00
01L346N01	021	2015/06/19	1200	0000112972	01L346N0101		251.00	0.00	0.00	0.00	0.00	251.00
01L346N01	021	2015/06/19	1200	0000113130	01L346N0101		590.00	0.00	0.00	0.00	0.00	590.00
01L346N01	011	2015/06/19	1200	0000076791	01L346N0101		461.00	0.00	0.00	0.00	0.00	461.00
01L346N01	031	2015/06/19	1200	0000081256	01L346N0101		296.00	0.00	0.00	0.00	0.00	296.00
01L346N01	012	2015/06/19	1200	0000003592	01L346N0101		960.00	0.00	0.00	0.00	0.00	960.00
01L346N01	021	2015/06/19	1200	0000113020	01L346N0101		78.00	0.00	0.00	0.00	0.00	78.00
01L346N01	021	2015/06/19	1200	0000112930	01L346N0101		209.00	0.00	0.00	0.00	0.00	209.00
01L346N01	021	2015/06/19	1200	0000112980	01L346N0101		79.00	0.00	0.00	0.00	0.00	79.00
01L346N01	011	2015/06/19	1200	0000076771	01L346N0101		249.00	0.00	0.00	0.00	0.00	249.00
01L346N01	031	2015/06/19	1200	0000081221	01L346N0101		384.00	0.00	0.00	0.00	0.00	384.00
01L346N01	031	2015/06/19	1200	0000081137	01L346N0101		766.00	0.00	0.00	0.00	0.00	766.00
01L346N01	031	2015/06/19	1200	0000081247	01L346N0101		174.30	0.00	0.00	0.00	0.00	174.30
01L346N01	021	2015/06/19	1200	0000113132	01L346N0101		99.50	0.00	0.00	0.00	0.00	99.50
01L346N01	041	2015/06/19	1200	0000071925	01L346N0101		474.00	0.00	0.00	0.00	0.00	474.00
01L346N01	031	2015/06/19	1200	0000081227	01L346N0101		199.00	0.00	0.00	0.00	0.00	199.00
01L346N01	031	2015/06/19	1200	0000081173	01L346N0101		300.00	0.00	0.00	0.00	0.00	300.00
01L346N01	041	2015/06/19	1200	0000071888	01L346N0101		70.00	0.00	0.00	0.00	0.00	70.00
01L346N01	011	2015/06/19	1200	0000076718	01L346N0101		158.00	0.00	0.00	0.00	0.00	158.00
01L346N01	041	2015/06/19	1200	0000071862	01L346N0101		263.00	0.00	0.00	0.00	0.00	263.00
01L346N01	041	2015/06/19	1200	0000071892	01L346N0101		131.00	0.00	0.00	0.00	0.00	131.00
01L346N01	031	2015/06/19	1200	0000081297	01L346N0101		399.00	0.00	0.00	0.00	0.00	399.00
01L346N01	021	2015/06/19	1200	0000113062	01L346N0101		214.00	0.00	0.00	0.00	0.00	214.00
01L346N01	011	2015/06/19	1200	0000076783	01L346N0101		599.00	0.00	0.00	0.00	0.00	599.00
01L346N01	031	2015/06/19	1200	0000081245	01L346N0101		198.00	0.00	0.00	0.00	0.00	198.00
01L346N01	031	2015/06/19	1200	0000081258	01L346N0101		405.00	0.00	0.00	0.00	0.00	405.00
01L346N01	041	2015/06/19	1200	0000071926	01L346N0101		488.00	0.00	0.00	0.00	0.00	488.00
01L346N01	021	2015/06/19	1200	0000113097	01L346N0101		59.00	0.00	0.00	0.00	0.00	59.00
01L346N01	021	2015/06/19	1200	0000112981	01L346N0101		273.50	0.00	0.00	0.00	0.00	273.50
01L346N01	011	2015/06/19	1200	0000076713	01L346N0101		1111.00	0.00	0.00	0.00	0.00	1111.00
01L346N01	021	2015/06/19	1200	0000112992	01L346N0101		2783.50	0.00	0.00	0.00	0.00	2783.50
01L346N01	011	2015/06/19	1200	0000076818	01L346N0101		180.00	0.00	0.00	0.00	0.00	180.00
01L346N01	011	2015/06/19	1200	0000076819	01L346N0101		104.00	0.00	0.00	0.00	0.00	104.00
01L346N01	021	2015/06/19	1200	0000113165	01L346N0101		299.00	0.00	0.00	0.00	0.00	299.00
01L346N01	031	2015/06/19	1200	0000081291	01L346N0101		494.00	0.00	0.00	0.00	0.00	494.00
01L346N01	031	2015/06/19	1200	0000081300	01L346N0101		99.00	0.00	0.00	0.00	0.00	99.00
01L346N01	021	2015/06/19	1200	0000112953	01L346N0101		81.00	0.00	0.00	0.00	0.00	81.00
01L346N01	021	2015/06/19	1200	0000113124	01L346N0101		274.50	0.00	0.00	0.00	0.00	274.50
01L346N01	041	2015/06/19	1200	0000071951	01L346N0101		79.00	0.00	0.00	0.00	0.00	79.00
01L346N01	011	2015/06/19	1200	0000076806	01L346N0101		498.00	0.00	0.00	0.00	0.00	498.00
01L346N01	021	2015/06/19	1200	0000113016	01L346N0101		120.00	0.00	0.00	0.00	0.00	120.00
01L346N01	021	2015/06/19	1200	0000112975	01L346N0101		400.00	0.00	0.00	0.00	0.00	400.00
01L346N01	031	2015/06/19	1200	0000081194	01L346N0101		159.00	0.00	0.00	0.00	0.00	159.00
01L346N01	021	2015/06/19	1200	0000113157	01L346N0101		11.00	0.00	0.00	0.00	0.00	11.00
01L346N01	011	2015/06/19	1200	0000076815	01L346N0101		132.00	0.00	0.00	0.00	0.00	132.00
01L346N01	021	2015/06/19	1200	0000113176	01L346N0101		230.00	0.00	0.00	0.00	0.00	230.00
01L346N01	021	2015/06/19	1200	0000113060	01L346N0101		580.00	0.00	0.00	0.00	0.00	580.00
01L346N01	041	2015/06/19	1200	0000071833	01L346N0101		110.00	0.00	0.00	0.00	0.00	110.00
01L346N01	011	2015/06/19	1200	0000076781	01L346N0101		139.00	0.00	0.00	0.00	0.00	139.00
01L346N01	031	2015/06/19	1200	0000081255	01L346N0101		30.00	0.00	0.00	0.00	0.00	30.00
01L346N01	041	2015/06/19	1200	0000071957	01L346N0101		206.00	0.00	0.00	0.00	0.00	206.00
01L346N01	021	2015/06/19	1200	0000113008	01L346N0101		489.00	0.00	0.00	0.00	0.00	489.00
01L346N01	021	2015/06/19	1200	0000113018	01L346N0101		943.00	0.00	0.00	0.00	0.00	943.00
01L346N01	021	2015/06/19	1200	0000113027	01L346N0101		203.00	0.00	0.00	0.00	0.00	203.00
01L346N01	021	2015/06/19	1200	0000112929	01L346N0101		180.00	0.00	0.00	0.00	0.00	180.00
01L346N01	011	2015/06/19	1200	0000076689	01L346N0101		115.00	0.00	0.00	0.00	0.00	115.00
01L346N01	011	2015/06/19	1200	0000076708	01L346N0101		138.00	0.00	0.00	0.00	0.00	138.00
01L346N01	041	2015/06/19	1200	0000071868	01L346N0101		32.00	0.00	0.00	0.00	0.00	32.00
01L346N01	041	2015/06/19	1200	0000071904	01L346N0101		107.00	0.00	0.00	0.00	0.00	107.00
01L346N01	031	2015/06/19	1200	0000081298	01L346N0101		129.00	0.00	0.00	0.00	0.00	129.00
01L346N01	021	2015/06/19	1200	0000113175	01L346N0101		232.00	0.00	0.00	0.00	0.00	232.00
01L346N01	031	2015/06/19	1200	0000081205	01L346N0101		332.00	0.00	0.00	0.00	0.00	332.00
01L346N01	011	2015/06/19	1200	0000076769	01L346N0101		269.00	0.00	0.00	0.00	0.00	269.00
01L346N01	011	2015/06/19	1200	0000076787	01L346N0101		380.00	0.00	0.00	0.00	0.00	380.00
01L346N01	021	2015/06/19	1200	0000113134	01L346N0101		87.00	0.00	0.00	0.00	0.00	87.00
01L346N01	031	2015/06/19	1200	0000081280	01L346N0101		375.00	0.00	0.00	0.00	0.00	375.00
01L346N01	012	2015/06/19	1200	0000003594	01L346N0101		745.00	0.00	0.00	0.00	0.00	745.00
01L346N01	031	2015/06/19	1200	0000081230	01L346N0101		523.50	0.00	0.00	0.00	0.00	523.50
01L346N01	041	2015/06/19	1200	0000071872	01L346N0101		25.00	0.00	0.00	0.00	0.00	25.00
01L346N01	011	2015/06/19	1200	0000076747	01L346N0101		480.00	0.00	0.00	0.00	0.00	480.00
01L346N01	011	2015/06/19	1200	0000076755	01L346N0101		78.00	0.00	0.00	0.00	0.00	78.00
01L346N01	041	2015/06/19	1200	0000071909	01L346N0101		36.00	0.00	0.00	0.00	0.00	36.00
01L346N01	031	2015/06/19	1200	0000081290	01L346N0101		216.00	0.00	0.00	0.00	0.00	216.00