01L346N01	041	2015/06/18	1200	0000071714	01L346N0101		229.00	0.00	0.00	0.00	0.00	229.00
01L346N01	031	2015/06/18	1200	0000081017	01L346N0101		79.00	0.00	0.00	0.00	0.00	79.00
01L346N01	041	2015/06/18	1200	0000071701	01L346N0101		302.00	0.00	0.00	0.00	0.00	302.00
01L346N01	011	2015/06/18	1200	0000076626	01L346N0101		3768.00	0.00	0.00	0.00	0.00	3768.00
01L346N01	011	2015/06/18	1200	0000076636	01L346N0101		430.00	0.00	0.00	0.00	0.00	430.00
01L346N01	041	2015/06/18	1200	0000071747	01L346N0102		430.00	0.00	0.00	0.00	0.00	430.00
01L346N01	021	2015/06/18	1200	0000112854	01L346N0101		249.00	0.00	0.00	0.00	0.00	249.00
01L346N01	041	2015/06/18	1200	0000071765	01L346N0102		108.00	0.00	0.00	0.00	0.00	108.00
01L346N01	041	2015/06/18	1200	0000071781	01L346N0101		275.00	0.00	0.00	0.00	0.00	275.00
01L346N01	031	2015/06/18	1200	0000081098	01L346N0101		319.00	0.00	0.00	0.00	0.00	319.00
01L346N01	031	2015/06/18	1200	0000081103	01L346N0101		150.00	0.00	0.00	0.00	0.00	150.00
01L346N01	041	2015/06/18	1200	0000071804	01L346N0101		185.00	0.00	0.00	0.00	0.00	185.00
01L346N01	021	2015/06/18	1200	0000112835	01L346N0101		39.00	0.00	0.00	0.00	0.00	39.00
01L346N01	021	2015/06/18	1200	0000112899	01L346N0101		696.00	0.00	0.00	0.00	0.00	696.00
01L346N01	031	2015/06/18	1200	0000081118	01L346N0101		129.00	0.00	0.00	0.00	0.00	129.00
01L346N01	031	2015/06/18	1200	0000081125	01L346N0101		545.00	0.00	0.00	0.00	0.00	545.00
01L346N01	041	2015/06/18	1200	0000071718	01L346N0101		1675.00	0.00	0.00	0.00	0.00	1675.00
01L346N01	021	2015/06/18	1200	0000112861	01L346N0101		304.00	0.00	0.00	0.00	0.00	304.00
01L346N01	011	2015/06/18	1200	0000076660	01L346N0103		1095.00	0.00	0.00	0.00	0.00	1095.00
01L346N01	041	2015/06/18	1200	0000071773	01L346N0101		95.00	0.00	0.00	0.00	0.00	95.00
01L346N01	021	2015/06/18	1200	0000112880	01L346N0101		113.00	0.00	0.00	0.00	0.00	113.00
01L346N01	041	2015/06/18	1200	0000071783	01L346N0101		25.00	0.00	0.00	0.00	0.00	25.00
01L346N01	031	2015/06/18	1200	0000081105	01L346N0101		199.00	0.00	0.00	0.00	0.00	199.00
01L346N01	021	2015/06/18	1200	0000112908	01L346N0101		100.00	0.00	0.00	0.00	0.00	100.00
01L346N01	031	2015/06/18	1200	0000081117	01L346N0101		115.00	0.00	0.00	0.00	0.00	115.00
01L346N01	011	2015/06/18	1200	0000076609	01L346N0101		247.00	0.00	0.00	0.00	0.00	247.00
01L346N01	031	2015/06/18	1200	0000081026	01L346N0101		280.00	0.00	0.00	0.00	0.00	280.00
01L346N01	041	2015/06/18	1200	0000071736	01L346N0101		145.00	0.00	0.00	0.00	0.00	145.00
01L346N01	011	2015/06/18	1200	0000076654	01L346N0101		627.00	0.00	0.00	0.00	0.00	627.00
01L346N01	031	2015/06/18	1200	0000081095	01L346N0101		1130.00	0.00	0.00	0.00	0.00	1130.00
01L346N01	031	2015/06/18	1200	0000081060	01L346N0101		356.00	0.00	0.00	0.00	0.00	356.00
01L346N01	011	2015/06/18	1200	0000076605	01L346N0101		199.00	0.00	0.00	0.00	0.00	199.00
01L346N01	031	2015/06/18	1200	0000081107	01L346N0101		99.00	0.00	0.00	0.00	0.00	99.00
01L346N01	031	2015/06/18	1200	0000081127	01L346N0101		199.00	0.00	0.00	0.00	0.00	199.00
01L346N01	041	2015/06/18	1200	0000071708	01L346N0101		584.00	0.00	0.00	0.00	0.00	584.00
01L346N01	031	2015/06/18	1200	0000081044	01L346N0101		229.00	0.00	0.00	0.00	0.00	229.00
01L346N01	021	2015/06/18	1200	0000112855	01L346N0101		175.00	0.00	0.00	0.00	0.00	175.00
01L346N01	021	2015/06/18	1200	0000112856	01L346N0101		278.00	0.00	0.00	0.00	0.00	278.00
01L346N01	021	2015/06/18	1200	0000112827	01L346N0101		398.00	0.00	0.00	0.00	0.00	398.00
01L346N01	041	2015/06/18	1200	0000071716	01L346N0101		357.00	0.00	0.00	0.00	0.00	357.00
01L346N01	031	2015/06/18	1200	0000081027	01L346N0101		445.00	0.00	0.00	0.00	0.00	445.00
01L346N01	031	2015/06/18	1200	0000081079	01L346N0101		299.00	0.00	0.00	0.00	0.00	299.00
01L346N01	031	2015/06/18	1200	0000081081	01L346N0101		497.00	0.00	0.00	0.00	0.00	497.00
01L346N01	031	2015/06/18	1200	0000081083	01L346N0101		2355.00	0.00	0.00	0.00	0.00	2355.00
01L346N01	021	2015/06/18	1200	0000112882	01L346N0101		183.00	0.00	0.00	0.00	0.00	183.00
01L346N01	031	2015/06/18	1200	0000081097	01L346N0101		209.00	0.00	0.00	0.00	0.00	209.00
01L346N01	041	2015/06/18	1200	0000071819	01L346N0101		31.00	0.00	0.00	0.00	0.00	31.00
01L346N01	021	2015/06/18	1200	0000112914	01L346N0101		234.00	0.00	0.00	0.00	0.00	234.00
01L346N01	041	2015/06/18	1200	0000071722	01L346N0101		398.00	0.00	0.00	0.00	0.00	398.00
01L346N01	021	2015/06/18	1200	0000112816	01L346N0101		537.00	0.00	0.00	0.00	0.00	537.00
01L346N01	011	2015/06/18	1200	0000076657	01L346N0102		314.00	0.00	0.00	0.00	0.00	314.00
01L346N01	011	2015/06/18	1200	0000076672	01L346N0102		643.00	0.00	0.00	0.00	0.00	643.00
01L346N01	041	2015/06/18	1200	0000071758	01L346N0101		320.00	0.00	0.00	0.00	0.00	320.00
01L346N01	021	2015/06/18	1200	0000112905	01L346N0101		115.00	0.00	0.00	0.00	0.00	115.00
01L346N01	011	2015/06/18	1200	0000076634	01L346N0101		469.00	0.00	0.00	0.00	0.00	469.00
01L346N01	041	2015/06/18	1200	0000071772	01L346N0101		240.00	0.00	0.00	0.00	0.00	240.00
01L346N01	041	2015/06/18	1200	0000071782	01L346N0101		48.00	0.00	0.00	0.00	0.00	48.00
01L346N01	031	2015/06/18	1200	0000081092	01L346N0101		95.00	0.00	0.00	0.00	0.00	95.00
01L346N01	031	2015/06/18	1200	0000081102	01L346N0101		198.00	0.00	0.00	0.00	0.00	198.00
01L346N01	031	2015/06/18	1200	0000081106	01L346N0101		399.00	0.00	0.00	0.00	0.00	399.00
01L346N01	031	2015/06/18	1200	0000081059	01L346N0101		199.00	0.00	0.00	0.00	0.00	199.00
01L346N01	021	2015/06/18	1200	0000112844	01L346N0101		251.00	0.00	0.00	0.00	0.00	251.00
01L346N01	031	2015/06/18	1200	0000081014	01L346N0101		796.00	0.00	0.00	0.00	0.00	796.00
01L346N01	011	2015/06/18	1200	0000076625	01L346N0101		299.00	0.00	0.00	0.00	0.00	299.00
01L346N01	021	2015/06/18	1200	0000112852	01L346N0101		183.00	0.00	0.00	0.00	0.00	183.00
01L346N01	021	2015/06/18	1200	0000112869	01L346N0101		120.00	0.00	0.00	0.00	0.00	120.00
01L346N01	011	2015/06/18	1200	0000076664	01L346N0101		798.00	0.00	0.00	0.00	0.00	798.00
01L346N01	041	2015/06/18	1200	0000071785	01L346N0101		338.00	0.00	0.00	0.00	0.00	338.00
01L346N01	021	2015/06/18	1200	0000112893	01L346N0101		728.00	0.00	0.00	0.00	0.00	728.00
01L346N01	011	2015/06/18	1200	0000076643	01L346N0101		299.00	0.00	0.00	0.00	0.00	299.00
01L346N01	021	2015/06/18	1200	0000112787	01L346N0101		203.00	0.00	0.00	0.00	0.00	203.00
01L346N01	021	2015/06/18	1200	0000112912	01L346N0101		271.00	0.00	0.00	0.00	0.00	271.00
01L346N01	041	2015/06/18	1200	0000071702	01L346N0101		110.00	0.00	0.00	0.00	0.00	110.00
01L346N01	011	2015/06/18	1200	0000076614	01L346N0101		199.00	0.00	0.00	0.00	0.00	199.00
01L346N01	011	2015/06/18	1200	0000076675	01L346N0102		1499.00	0.00	0.00	0.00	0.00	1499.00
01L346N01	041	2015/06/18	1200	0000071811	01L346N0101		130.00	0.00	0.00	0.00	0.00	130.00
01L346N01	041	2015/06/18	1200	0000071824	01L346N0101		200.00	0.00	0.00	0.00	0.00	200.00
01L346N01	021	2015/06/18	1200	0000112790	01L346N0101		249.00	0.00	0.00	0.00	0.00	249.00
01L346N01	021	2015/06/18	1200	0000112837	01L346N0101		135.00	0.00	0.00	0.00	0.00	135.00
01L346N01	011	2015/06/18	1200	0000076652	01L346N0101		870.00	0.00	0.00	0.00	0.00	870.00
01L346N01	041	2015/06/18	1200	0000071825	01L346N0101		412.00	0.00	0.00	0.00	0.00	412.00
01L346N01	011	2015/06/18	1200	0000076624	01L346N0101		486.00	0.00	0.00	0.00	0.00	486.00
01L346N01	041	2015/06/18	1200	0000071745	01L346N0101		115.00	0.00	0.00	0.00	0.00	115.00
01L346N01	031	2015/06/18	1200	0000081065	01L346N0101		300.00	0.00	0.00	0.00	0.00	300.00
01L346N01	041	2015/06/18	1200	0000071768	01L346N0101		260.00	0.00	0.00	0.00	0.00	260.00
01L346N01	021	2015/06/18	1200	0000112832	01L346N0101		271.00	0.00	0.00	0.00	0.00	271.00
01L346N01	022	2015/06/18	1200	0000016930	01L346N0101		60.00	0.00	0.00	0.00	0.00	60.00
01L346N01	021	2015/06/18	1200	0000112909	01L346N0101		299.00	0.00	0.00	0.00	0.00	299.00
01L346N01	041	2015/06/18	1200	0000071709	01L346N0101		193.00	0.00	0.00	0.00	0.00	193.00
01L346N01	031	2015/06/18	1200	0000081033	01L346N0101		279.00	0.00	0.00	0.00	0.00	279.00
01L346N01	031	2015/06/18	1200	0000081046	01L346N0101		49.00	0.00	0.00	0.00	0.00	49.00
01L346N01	011	2015/06/18	1200	0000076671	01L346N0101		160.00	0.00	0.00	0.00	0.00	160.00
01L346N01	031	2015/06/18	1200	0000081021	01L346N0101		49.00	0.00	0.00	0.00	0.00	49.00
01L346N01	021	2015/06/18	1200	0000112902	01L346N0101		54.00	0.00	0.00	0.00	0.00	54.00
01L346N01	041	2015/06/18	1200	0000071821	01L346N0101		59.00	0.00	0.00	0.00	0.00	59.00
01L346N01	021	2015/06/18	1200	0000112911	01L346N0101		120.00	0.00	0.00	0.00	0.00	120.00
01L346N01	031	2015/06/18	1200	0000081130	01L346N0101		150.00	0.00	0.00	0.00	0.00	150.00
01L346N01	041	2015/06/18	1200	0000071728	01L346N0101		69.00	0.00	0.00	0.00	0.00	69.00
01L346N01	041	2015/06/18	1200	0000071742	01L346N0101		244.00	0.00	0.00	0.00	0.00	244.00
01L346N01	041	2015/06/18	1200	0000071807	01L346N0101		52.00	0.00	0.00	0.00	0.00	52.00
01L346N01	021	2015/06/18	1200	0000112791	01L346N0101		500.00	0.00	0.00	0.00	0.00	500.00
01L346N01	011	2015/06/18	1200	0000076622	01L346N0101		94.00	0.00	0.00	0.00	0.00	94.00
01L346N01	011	2015/06/18	1200	0000076633	01L346N0101		1598.00	0.00	0.00	0.00	0.00	1598.00
01L346N01	041	2015/06/18	1200	0000071786	01L346N0101		0.00	0.00	0.00	0.00	0.00	0.00
01L346N01	031	2015/06/18	1200	0000081053	01L346N0101		296.00	0.00	0.00	0.00	0.00	296.00
01L346N01	031	2015/06/18	1200	0000081111	01L346N0101		199.00	0.00	0.00	0.00	0.00	199.00
01L346N01	031	2015/06/18	1200	0000081114	01L346N0101		507.00	0.00	0.00	0.00	0.00	507.00
01L346N01	031	2015/06/18	1200	0000081116	01L346N0101		298.00	0.00	0.00	0.00	0.00	298.00
01L346N01	041	2015/06/18	1200	0000071723	01L346N0101		165.00	0.00	0.00	0.00	0.00	165.00
01L346N01	041	2015/06/18	1200	0000071732	01L346N0101		174.00	0.00	0.00	0.00	0.00	174.00
01L346N01	011	2015/06/18	1200	0000076621	01L346N0101		474.00	0.00	0.00	0.00	0.00	474.00
01L346N01	021	2015/06/18	1200	0000112810	01L346N0101		238.00	0.00	0.00	0.00	0.00	238.00
01L346N01	021	2015/06/18	1200	0000112819	01L346N0101		1244.00	0.00	0.00	0.00	0.00	1244.00
01L346N01	011	2015/06/18	1200	0000076658	01L346N0101		599.00	0.00	0.00	0.00	0.00	599.00
01L346N01	031	2015/06/18	1200	0000081074	01L346N0101		49.00	0.00	0.00	0.00	0.00	49.00
01L346N01	031	2015/06/18	1200	0000081075	01L346N0101		138.00	0.00	0.00	0.00	0.00	138.00
01L346N01	031	2015/06/18	1200	0000081082	01L346N0101		296.00	0.00	0.00	0.00	0.00	296.00
01L346N01	041	2015/06/18	1200	0000071789	01L346N0101		390.00	0.00	0.00	0.00	0.00	390.00
01L346N01	021	2015/06/18	1200	0000112830	01L346N0101		99.00	0.00	0.00	0.00	0.00	99.00
01L346N01	041	2015/06/18	1200	0000071761	01L346N0101		435.00	0.00	0.00	0.00	0.00	435.00
01L346N01	041	2015/06/18	1200	0000071737	01L346N0101		34.00	0.00	0.00	0.00	0.00	34.00
01L346N01	021	2015/06/18	1200	0000112859	01L346N0101		135.00	0.00	0.00	0.00	0.00	135.00
01L346N01	041	2015/06/18	1200	0000071780	01L346N0101		40.00	0.00	0.00	0.00	0.00	40.00
01L346N01	041	2015/06/18	1200	0000071719	01L346N0101		35.00	0.00	0.00	0.00	0.00	35.00
01L346N01	041	2015/06/18	1200	0000071703	01L346N0101		159.00	0.00	0.00	0.00	0.00	159.00
01L346N01	031	2015/06/18	1200	0000081031	01L346N0101		700.00	0.00	0.00	0.00	0.00	700.00
01L346N01	021	2015/06/18	1200	0000112808	01L346N0101		80.00	0.00	0.00	0.00	0.00	80.00
01L346N01	021	2015/06/18	1200	0000112873	01L346N0101		135.00	0.00	0.00	0.00	0.00	135.00
01L346N01	041	2015/06/18	1200	0000071784	01L346N0101		400.00	0.00	0.00	0.00	0.00	400.00
01L346N01	011	2015/06/18	1200	0000076639	01L346N0101		1438.00	0.00	0.00	0.00	0.00	1438.00
01L346N01	031	2015/06/18	1200	0000081041	01L346N0101		99.00	0.00	0.00	0.00	0.00	99.00
01L346N01	041	2015/06/18	1200	0000071740	01L346N0101		249.00	0.00	0.00	0.00	0.00	249.00
01L346N01	041	2015/06/18	1200	0000071775	01L346N0101		227.00	0.00	0.00	0.00	0.00	227.00
01L346N01	031	2015/06/18	1200	0000081051	01L346N0101		225.00	0.00	0.00	0.00	0.00	225.00
01L346N01	011	2015/06/18	1200	0000076620	01L346N0103		138.00	0.00	0.00	0.00	0.00	138.00
01L346N01	011	2015/06/18	1200	0000076656	01L346N0101		499.00	0.00	0.00	0.00	0.00	499.00
01L346N01	031	2015/06/18	1200	0000081072	01L346N0101		399.00	0.00	0.00	0.00	0.00	399.00
01L346N01	021	2015/06/18	1200	0000112878	01L346N0101		139.00	0.00	0.00	0.00	0.00	139.00
01L346N01	031	2015/06/18	1200	0000081094	01L346N0101		320.00	0.00	0.00	0.00	0.00	320.00
01L346N01	011	2015/06/18	1200	0000076647	01L346N0102		600.00	0.00	0.00	0.00	0.00	600.00
01L346N01	011	2015/06/18	1200	0000076651	01L346N0101		660.00	0.00	0.00	0.00	0.00	660.00
01L346N01	031	2015/06/18	1200	0000081110	01L346N0101		799.00	0.00	0.00	0.00	0.00	799.00
01L346N01	021	2015/06/18	1200	0000112907	01L346N0101		135.00	0.00	0.00	0.00	0.00	135.00
01L346N01	031	2015/06/18	1200	0000081121	01L346N0101		399.00	0.00	0.00	0.00	0.00	399.00
01L346N01	021	2015/06/18	1200	0000112795	01L346N0101		339.00	0.00	0.00	0.00	0.00	339.00
01L346N01	011	2015/06/18	1200	0000076627	01L346N0101		199.00	0.00	0.00	0.00	0.00	199.00
01L346N01	021	2015/06/18	1200	0000112888	01L346N0101		99.00	0.00	0.00	0.00	0.00	99.00
01L346N01	011	2015/06/18	1200	0000076669	01L346N0101		300.00	0.00	0.00	0.00	0.00	300.00
01L346N01	011	2015/06/18	1200	0000076637	01L346N0101		299.00	0.00	0.00	0.00	0.00	299.00
01L346N01	041	2015/06/18	1200	0000071760	01L346N0101		173.00	0.00	0.00	0.00	0.00	173.00
01L346N01	031	2015/06/18	1200	0000081062	01L346N0101		102.00	0.00	0.00	0.00	0.00	102.00
01L346N01	021	2015/06/18	1200	0000112901	01L346N0101		1157.00	0.00	0.00	0.00	0.00	1157.00
01L346N01	021	2015/06/18	1200	0000112814	01L346N0101		99.00	0.00	0.00	0.00	0.00	99.00
01L346N01	041	2015/06/18	1200	0000071779	01L346N0101		40.00	0.00	0.00	0.00	0.00	40.00
01L346N01	011	2015/06/18	1200	0000076640	01L346N0101		2655.00	0.00	0.00	0.00	0.00	2655.00
01L346N01	011	2015/06/18	1200	0000076601	01L346N0101		35.00	0.00	0.00	0.00	0.00	35.00
01L346N01	041	2015/06/18	1200	0000071814	01L346N0101		142.00	0.00	0.00	0.00	0.00	142.00
01L346N01	011	2015/06/18	1200	0000076676	01L346N0101		399.00	0.00	0.00	0.00	0.00	399.00
01L346N01	031	2015/06/18	1200	0000081037	01L346N0101		940.00	0.00	0.00	0.00	0.00	940.00
01L346N01	021	2015/06/18	1200	0000112805	01L346N0101		88.00	0.00	0.00	0.00	0.00	88.00
01L346N01	021	2015/06/18	1200	0000112817	01L346N0101		99.00	0.00	0.00	0.00	0.00	99.00
01L346N01	021	2015/06/18	1200	0000112862	01L346N0101		370.00	0.00	0.00	0.00	0.00	370.00
01L346N01	011	2015/06/18	1200	0000076661	01L346N0101		380.00	0.00	0.00	0.00	0.00	380.00
01L346N01	041	2015/06/18	1200	0000071774	01L346N0101		924.00	0.00	0.00	0.00	0.00	924.00
01L346N01	021	2015/06/18	1200	0000112874	01L346N0101		542.00	0.00	0.00	0.00	0.00	542.00
01L346N01	031	2015/06/18	1200	0000081084	01L346N0101		349.00	0.00	0.00	0.00	0.00	349.00
01L346N01	031	2015/06/18	1200	0000081108	01L346N0101		342.00	0.00	0.00	0.00	0.00	342.00
01L346N01	022	2015/06/18	1200	0000016929	01L346N0101		120.00	0.00	0.00	0.00	0.00	120.00
01L346N01	021	2015/06/18	1200	0000112788	01L346N0101		386.00	0.00	0.00	0.00	0.00	386.00
01L346N01	041	2015/06/18	1200	0000071717	01L346N0101		65.00	0.00	0.00	0.00	0.00	65.00
01L346N01	021	2015/06/18	1200	0000112797	01L346N0101		249.00	0.00	0.00	0.00	0.00	249.00
01L346N01	011	2015/06/18	1200	0000076616	01L346N0101		116.00	0.00	0.00	0.00	0.00	116.00
01L346N01	031	2015/06/18	1200	0000081048	01L346N0101		79.00	0.00	0.00	0.00	0.00	79.00
01L346N01	021	2015/06/18	1200	0000112860	01L346N0101		271.00	0.00	0.00	0.00	0.00	271.00
01L346N01	041	2015/06/18	1200	0000071769	01L346N0101		48.00	0.00	0.00	0.00	0.00	48.00
01L346N01	031	2015/06/18	1200	0000081071	01L346N0101		209.00	0.00	0.00	0.00	0.00	209.00
01L346N01	031	2015/06/18	1200	0000081080	01L346N0101		98.00	0.00	0.00	0.00	0.00	98.00
01L346N01	041	2015/06/18	1200	0000071787	01L346N0101		20.00	0.00	0.00	0.00	0.00	20.00
01L346N01	031	2015/06/18	1200	0000081055	01L346N0101		500.00	0.00	0.00	0.00	0.00	500.00
01L346N01	011	2015/06/18	1200	0000076645	01L346N0102		233.00	0.00	0.00	0.00	0.00	233.00
01L346N01	011	2015/06/18	1200	0000076653	01L346N0103		714.00	0.00	0.00	0.00	0.00	714.00
01L346N01	021	2015/06/18	1200	0000112851	01L346N0101		598.00	0.00	0.00	0.00	0.00	598.00
01L346N01	021	2015/06/18	1200	0000112794	01L346N0101		135.00	0.00	0.00	0.00	0.00	135.00
01L346N01	021	2015/06/18	1200	0000112804	01L346N0102		268.00	0.00	0.00	0.00	0.00	268.00
01L346N01	021	2015/06/18	1200	0000112875	01L346N0101		213.00	0.00	0.00	0.00	0.00	213.00
01L346N01	031	2015/06/18	1200	0000081100	01L346N0101		400.00	0.00	0.00	0.00	0.00	400.00
01L346N01	011	2015/06/18	1200	0000076644	01L346N0101		988.00	0.00	0.00	0.00	0.00	988.00
01L346N01	041	2015/06/18	1200	0000071753	01L346N0101		41.00	0.00	0.00	0.00	0.00	41.00
01L346N01	011	2015/06/18	1200	0000076602	01L346N0101		430.00	0.00	0.00	0.00	0.00	430.00
01L346N01	021	2015/06/18	1200	0000112906	01L346N0101		418.00	0.00	0.00	0.00	0.00	418.00
01L346N01	031	2015/06/18	1200	0000081023	01L346N0101		742.00	0.00	0.00	0.00	0.00	742.00
01L346N01	041	2015/06/18	1200	0000071710	01L346N0101		3000.00	0.00	0.00	0.00	0.00	3000.00
01L346N01	031	2015/06/18	1200	0000081030	01L346N0101		149.00	0.00	0.00	0.00	0.00	149.00
01L346N01	041	2015/06/18	1200	0000071763	01L346N0101		88.00	0.00	0.00	0.00	0.00	88.00
01L346N01	041	2015/06/18	1200	0000071771	01L346N0101		139.00	0.00	0.00	0.00	0.00	139.00
01L346N01	041	2015/06/18	1200	0000071795	01L346N0101		143.00	0.00	0.00	0.00	0.00	143.00
01L346N01	041	2015/06/18	1200	0000071752	01L346N0101		15.00	0.00	0.00	0.00	0.00	15.00
01L346N01	021	2015/06/18	1200	0000112849	01L346N0101		589.00	0.00	0.00	0.00	0.00	589.00
01L346N01	041	2015/06/18	1200	0000071698	01L346N0101		42.00	0.00	0.00	0.00	0.00	42.00
01L346N01	041	2015/06/18	1200	0000071727	01L346N0101		109.00	0.00	0.00	0.00	0.00	109.00
01L346N01	021	2015/06/18	1200	0000112801	01L346N0101		115.00	0.00	0.00	0.00	0.00	115.00
01L346N01	021	2015/06/18	1200	0000112858	01L346N0101		369.00	0.00	0.00	0.00	0.00	369.00
01L346N01	021	2015/06/18	1200	0000112865	01L346N0101		58.00	0.00	0.00	0.00	0.00	58.00
01L346N01	031	2015/06/18	1200	0000081086	01L346N0101		199.00	0.00	0.00	0.00	0.00	199.00
01L346N01	021	2015/06/18	1200	0000112885	01L346N0101		272.00	0.00	0.00	0.00	0.00	272.00
01L346N01	041	2015/06/18	1200	0000071803	01L346N0101		64.00	0.00	0.00	0.00	0.00	64.00
01L346N01	021	2015/06/18	1200	0000112848	01L346N0101		249.00	0.00	0.00	0.00	0.00	249.00
01L346N01	041	2015/06/18	1200	0000071809	01L346N0101		42.00	0.00	0.00	0.00	0.00	42.00
01L346N01	021	2015/06/18	1200	0000112793	01L346N0101		258.00	0.00	0.00	0.00	0.00	258.00
01L346N01	041	2015/06/18	1200	0000071733	01L346N0101		480.00	0.00	0.00	0.00	0.00	480.00
01L346N01	021	2015/06/18	1200	0000112813	01L346N0101		178.00	0.00	0.00	0.00	0.00	178.00
01L346N01	041	2015/06/18	1200	0000071749	01L346N0101		363.00	0.00	0.00	0.00	0.00	363.00
01L346N01	021	2015/06/18	1200	0000112834	01L346N0101		47.00	0.00	0.00	0.00	0.00	47.00
01L346N01	021	2015/06/18	1200	0000112920	01L346N0101		41.00	0.00	0.00	0.00	0.00	41.00
01L346N01	021	2015/06/18	1200	0000112922	01L346N0101		689.00	0.00	0.00	0.00	0.00	689.00
01L346N01	041	2015/06/18	1200	0000071725	01L346N0101		99.00	0.00	0.00	0.00	0.00	99.00
01L346N01	031	2015/06/18	1200	0000081016	01L346N0101		199.00	0.00	0.00	0.00	0.00	199.00
01L346N01	011	2015/06/18	1200	0000076613	01L346N0102		720.00	0.00	0.00	0.00	0.00	720.00
01L346N01	041	2015/06/18	1200	0000071776	01L346N0101		5.00	0.00	0.00	0.00	0.00	5.00
01L346N01	041	2015/06/18	1200	0000071754	01L346N0101		149.00	0.00	0.00	0.00	0.00	149.00
01L346N01	031	2015/06/18	1200	0000081057	01L346N0101		320.00	0.00	0.00	0.00	0.00	320.00
01L346N01	021	2015/06/18	1200	0000112842	01L346N0101		449.00	0.00	0.00	0.00	0.00	449.00
01L346N01	011	2015/06/18	1200	0000076681	01L346N0101		69.00	0.00	0.00	0.00	0.00	69.00
01L346N01	041	2015/06/18	1200	0000071743	01L346N0101		165.00	0.00	0.00	0.00	0.00	165.00
01L346N01	021	2015/06/18	1200	0000112867	01L346N0101		379.00	0.00	0.00	0.00	0.00	379.00
01L346N01	021	2015/06/18	1200	0000112876	01L346N0101		251.00	0.00	0.00	0.00	0.00	251.00
01L346N01	021	2015/06/18	1200	0000112883	01L346N0101		135.00	0.00	0.00	0.00	0.00	135.00
01L346N01	021	2015/06/18	1200	0000112891	01L346N0101		269.00	0.00	0.00	0.00	0.00	269.00
01L346N01	041	2015/06/18	1200	0000071818	01L346N0101		83.00	0.00	0.00	0.00	0.00	83.00
01L346N01	011	2015/06/18	1200	0000076679	01L346N0102		99.00	0.00	0.00	0.00	0.00	99.00
01L346N01	031	2015/06/18	1200	0000081028	01L346N0101		387.00	0.00	0.00	0.00	0.00	387.00
01L346N01	011	2015/06/18	1200	0000076628	01L346N0101		240.00	0.00	0.00	0.00	0.00	240.00
01L346N01	031	2015/06/18	1200	0000081047	01L346N0101		368.00	0.00	0.00	0.00	0.00	368.00
01L346N01	041	2015/06/18	1200	0000071777	01L346N0101		311.00	0.00	0.00	0.00	0.00	311.00
01L346N01	011	2015/06/18	1200	0000076600	01L346N0101		148.00	0.00	0.00	0.00	0.00	148.00
01L346N01	021	2015/06/18	1200	0000112822	01L346N0101		285.00	0.00	0.00	0.00	0.00	285.00
01L346N01	041	2015/06/18	1200	0000071793	01L346N0101		315.00	0.00	0.00	0.00	0.00	315.00
01L346N01	041	2015/06/18	1200	0000071808	01L346N0101		10.00	0.00	0.00	0.00	0.00	10.00
01L346N01	031	2015/06/18	1200	0000081056	01L346N0101		468.00	0.00	0.00	0.00	0.00	468.00
01L346N01	011	2015/06/18	1200	0000076649	01L346N0102		74.00	0.00	0.00	0.00	0.00	74.00
01L346N01	031	2015/06/18	1200	0000081122	01L346N0101		398.00	0.00	0.00	0.00	0.00	398.00
01L346N01	041	2015/06/18	1200	0000071826	01L346N0101		362.00	0.00	0.00	0.00	0.00	362.00
01L346N01	031	2015/06/18	1200	0000081124	01L346N0101		444.00	0.00	0.00	0.00	0.00	444.00
01L346N01	021	2015/06/18	1200	0000112923	01L346N0101		240.00	0.00	0.00	0.00	0.00	240.00
01L346N01	022	2015/06/18	1200	0000016928	01L346N0101		335.00	0.00	0.00	0.00	0.00	335.00
01L346N01	031	2015/06/18	1200	0000081036	01L346N0101		498.00	0.00	0.00	0.00	0.00	498.00
01L346N01	031	2015/06/18	1200	0000081040	01L346N0101		150.00	0.00	0.00	0.00	0.00	150.00
01L346N01	021	2015/06/18	1200	0000112897	01L346N0101		198.00	0.00	0.00	0.00	0.00	198.00
01L346N01	041	2015/06/18	1200	0000071801	01L346N0101		159.00	0.00	0.00	0.00	0.00	159.00
01L346N01	041	2015/06/18	1200	0000071762	01L346N0101		78.00	0.00	0.00	0.00	0.00	78.00
01L346N01	021	2015/06/18	1200	0000112803	01L346N0101		767.00	0.00	0.00	0.00	0.00	767.00
01L346N01	011	2015/06/18	1200	0000076629	01L346N0101		270.00	0.00	0.00	0.00	0.00	270.00
01L346N01	041	2015/06/18	1200	0000071800	01L346N0101		160.00	0.00	0.00	0.00	0.00	160.00
01L346N01	011	2015/06/18	1200	0000076638	01L346N0101		544.00	0.00	0.00	0.00	0.00	544.00
01L346N01	021	2015/06/18	1200	0000112833	01L346N0101		545.00	0.00	0.00	0.00	0.00	545.00
01L346N01	021	2015/06/18	1200	0000112843	01L346N0101		640.00	0.00	0.00	0.00	0.00	640.00
01L346N01	021	2015/06/18	1200	0000112904	01L346N0101		275.00	0.00	0.00	0.00	0.00	275.00
01L346N01	041	2015/06/18	1200	0000071816	01L346N0101		15.00	0.00	0.00	0.00	0.00	15.00
01L346N01	031	2015/06/18	1200	0000081128	01L346N0101		726.00	0.00	0.00	0.00	0.00	726.00
01L346N01	041	2015/06/18	1200	0000071711	01L346N0101		220.00	0.00	0.00	0.00	0.00	220.00
01L346N01	031	2015/06/18	1200	0000081032	01L346N0101		99.00	0.00	0.00	0.00	0.00	99.00
01L346N01	041	2015/06/18	1200	0000071734	01L346N0101		85.00	0.00	0.00	0.00	0.00	85.00
01L346N01	041	2015/06/18	1200	0000071738	01L346N0101		137.00	0.00	0.00	0.00	0.00	137.00
01L346N01	021	2015/06/18	1200	0000112881	01L346N0101		179.00	0.00	0.00	0.00	0.00	179.00
01L346N01	041	2015/06/18	1200	0000071699	01L346N0101		235.00	0.00	0.00	0.00	0.00	235.00
01L346N01	011	2015/06/18	1200	0000076678	01L346N0101		215.00	0.00	0.00	0.00	0.00	215.00
01L346N01	031	2015/06/18	1200	0000081123	01L346N0101		416.00	0.00	0.00	0.00	0.00	416.00
01L346N01	021	2015/06/18	1200	0000112921	01L346N0101		700.00	0.00	0.00	0.00	0.00	700.00
01L346N01	021	2015/06/18	1200	0000112799	01L346N0101		272.00	0.00	0.00	0.00	0.00	272.00
01L346N01	021	2015/06/18	1200	0000112825	01L346N0101		432.00	0.00	0.00	0.00	0.00	432.00
01L346N01	021	2015/06/18	1200	0000112900	01L346N0101		342.00	0.00	0.00	0.00	0.00	342.00
01L346N01	031	2015/06/18	1200	0000081113	01L346N0101		824.00	0.00	0.00	0.00	0.00	824.00
01L346N01	021	2015/06/18	1200	0000112919	01L346N0101		522.00	0.00	0.00	0.00	0.00	522.00
01L346N01	011	2015/06/18	1200	0000076684	01L346N0101		299.00	0.00	0.00	0.00	0.00	299.00
01L346N01	021	2015/06/18	1200	0000112896	01L346N0101		379.00	0.00	0.00	0.00	0.00	379.00
01L346N01	011	2015/06/18	1200	0000076650	01L346N0101		278.00	0.00	0.00	0.00	0.00	278.00
01L346N01	041	2015/06/18	1200	0000071822	01L346N0101		15.00	0.00	0.00	0.00	0.00	15.00
01L346N01	031	2015/06/18	1200	0000081120	01L346N0101		749.00	0.00	0.00	0.00	0.00	749.00
01L346N01	041	2015/06/18	1200	0000071724	01L346N0101		143.00	0.00	0.00	0.00	0.00	143.00
01L346N01	041	2015/06/18	1200	0000071729	01L346N0101		249.00	0.00	0.00	0.00	0.00	249.00
01L346N01	021	2015/06/18	1200	0000112853	01L346N0101		199.00	0.00	0.00	0.00	0.00	199.00
01L346N01	041	2015/06/18	1200	0000071798	01L346N0101		162.00	0.00	0.00	0.00	0.00	162.00
01L346N01	021	2015/06/18	1200	0000112828	01L346N0101		60.00	0.00	0.00	0.00	0.00	60.00
01L346N01	041	2015/06/18	1200	0000071759	01L346N0101		37.00	0.00	0.00	0.00	0.00	37.00
01L346N01	031	2015/06/18	1200	0000081061	01L346N0101		178.00	0.00	0.00	0.00	0.00	178.00
01L346N01	041	2015/06/18	1200	0000071731	01L346N0101		149.00	0.00	0.00	0.00	0.00	149.00
01L346N01	011	2015/06/18	1200	0000076630	01L346N0101		149.00	0.00	0.00	0.00	0.00	149.00
01L346N01	041	2015/06/18	1200	0000071778	01L346N0101		262.00	0.00	0.00	0.00	0.00	262.00
01L346N01	041	2015/06/18	1200	0000071802	01L346N0101		199.00	0.00	0.00	0.00	0.00	199.00
01L346N01	021	2015/06/18	1200	0000112836	01L346N0101		251.00	0.00	0.00	0.00	0.00	251.00
01L346N01	041	2015/06/18	1200	0000071706	01L346N0101		299.00	0.00	0.00	0.00	0.00	299.00
01L346N01	021	2015/06/18	1200	0000112924	01L346N0101		334.00	0.00	0.00	0.00	0.00	334.00
01L346N01	031	2015/06/18	1200	0000081045	01L346N0101		49.00	0.00	0.00	0.00	0.00	49.00
01L346N01	021	2015/06/18	1200	0000112871	01L346N0101		304.00	0.00	0.00	0.00	0.00	304.00
01L346N01	041	2015/06/18	1200	0000071805	01L346N0101		125.00	0.00	0.00	0.00	0.00	125.00
01L346N01	041	2015/06/18	1200	0000071750	01L346N0101		75.00	0.00	0.00	0.00	0.00	75.00
01L346N01	011	2015/06/18	1200	0000076641	01L346N0101		625.00	0.00	0.00	0.00	0.00	625.00
01L346N01	022	2015/06/18	1200	0000016932	01L346N0101		298.00	0.00	0.00	0.00	0.00	298.00
01L346N01	022	2015/06/18	1200	0000016927	01L346N0101		499.00	0.00	0.00	0.00	0.00	499.00
01L346N01	031	2015/06/18	1200	0000081112	01L346N0101		49.00	0.00	0.00	0.00	0.00	49.00
01L346N01	041	2015/06/18	1200	0000071813	01L346N0101		143.00	0.00	0.00	0.00	0.00	143.00
01L346N01	021	2015/06/18	1200	0000112811	01L346N0101		299.00	0.00	0.00	0.00	0.00	299.00
01L346N01	011	2015/06/18	1200	0000076632	01L346N0101		1680.00	0.00	0.00	0.00	0.00	1680.00
01L346N01	031	2015/06/18	1200	0000081091	01L346N0101		499.00	0.00	0.00	0.00	0.00	499.00
01L346N01	031	2015/06/18	1200	0000081099	01L346N0101		148.00	0.00	0.00	0.00	0.00	148.00
01L346N01	031	2015/06/18	1200	0000081022	01L346N0101		79.00	0.00	0.00	0.00	0.00	79.00
01L346N01	011	2015/06/18	1200	0000076608	01L346N0101		129.00	0.00	0.00	0.00	0.00	129.00
01L346N01	011	2015/06/18	1200	0000076623	01L346N0101		217.00	0.00	0.00	0.00	0.00	217.00
01L346N01	011	2015/06/18	1200	0000076665	01L346N0101		90.00	0.00	0.00	0.00	0.00	90.00
01L346N01	031	2015/06/18	1200	0000081119	01L346N0101		349.00	0.00	0.00	0.00	0.00	349.00
01L346N01	011	2015/06/18	1200	0000076685	01L346N0101		158.00	0.00	0.00	0.00	0.00	158.00
01L346N01	011	2015/06/18	1200	0000076606	01L346N0101		90.00	0.00	0.00	0.00	0.00	90.00
01L346N01	041	2015/06/18	1200	0000071720	01L346N0101		143.00	0.00	0.00	0.00	0.00	143.00
01L346N01	031	2015/06/18	1200	0000081073	01L346N0101		-268.00	0.00	0.00	0.00	0.00	-268.00
01L346N01	041	2015/06/18	1200	0000071704	01L346N0101		84.00	0.00	0.00	0.00	0.00	84.00
01L346N01	041	2015/06/18	1200	0000071712	01L346N0101		22.00	0.00	0.00	0.00	0.00	22.00
01L346N01	031	2015/06/18	1200	0000081043	01L346N0101		79.00	0.00	0.00	0.00	0.00	79.00
01L346N01	041	2015/06/18	1200	0000071766	01L346N0101		236.00	0.00	0.00	0.00	0.00	236.00
01L346N01	011	2015/06/18	1200	0000076659	01L346N0101		848.00	0.00	0.00	0.00	0.00	848.00
01L346N01	031	2015/06/18	1200	0000081093	01L346N0101		298.00	0.00	0.00	0.00	0.00	298.00
01L346N01	041	2015/06/18	1200	0000071799	01L346N0101		280.00	0.00	0.00	0.00	0.00	280.00
01L346N01	041	2015/06/18	1200	0000071806	01L346N0101		224.00	0.00	0.00	0.00	0.00	224.00
01L346N01	011	2015/06/18	1200	0000076603	01L346N0101		1348.00	0.00	0.00	0.00	0.00	1348.00
01L346N01	021	2015/06/18	1200	0000112820	01L346N0101		532.00	0.00	0.00	0.00	0.00	532.00
01L346N01	021	2015/06/18	1200	0000112823	01L346N0101		378.00	0.00	0.00	0.00	0.00	378.00
01L346N01	041	2015/06/18	1200	0000071764	01L346N0101		140.00	0.00	0.00	0.00	0.00	140.00
01L346N01	011	2015/06/18	1200	0000076663	01L346N0103		2003.00	0.00	0.00	0.00	0.00	2003.00
01L346N01	031	2015/06/18	1200	0000081096	01L346N0101		399.00	0.00	0.00	0.00	0.00	399.00
01L346N01	041	2015/06/18	1200	0000071788	01L346N0101		69.00	0.00	0.00	0.00	0.00	69.00
01L346N01	021	2015/06/18	1200	0000112847	01L346N0101		80.00	0.00	0.00	0.00	0.00	80.00
01L346N01	031	2015/06/18	1200	0000081018	01L346N0101		79.00	0.00	0.00	0.00	0.00	79.00
01L346N01	041	2015/06/18	1200	0000071817	01L346N0101		750.00	0.00	0.00	0.00	0.00	750.00
01L346N01	041	2015/06/18	1200	0000071823	01L346N0101		25.00	0.00	0.00	0.00	0.00	25.00
01L346N01	021	2015/06/18	1200	0000112809	01L346N0101		334.00	0.00	0.00	0.00	0.00	334.00
01L346N01	021	2015/06/18	1200	0000112812	01L346N0101		528.00	0.00	0.00	0.00	0.00	528.00
01L346N01	031	2015/06/18	1200	0000081077	01L346N0101		690.00	0.00	0.00	0.00	0.00	690.00
01L346N01	022	2015/06/18	1200	0000016931	01L346N0101		99.00	0.00	0.00	0.00	0.00	99.00
01L346N01	041	2015/06/18	1200	0000071815	01L346N0101		244.00	0.00	0.00	0.00	0.00	244.00
01L346N01	021	2015/06/18	1200	0000112910	01L346N0101		1141.00	0.00	0.00	0.00	0.00	1141.00
01L346N01	041	2015/06/18	1200	0000071715	01L346N0101		176.00	0.00	0.00	0.00	0.00	176.00
01L346N01	021	2015/06/18	1200	0000112792	01L346N0101		392.00	0.00	0.00	0.00	0.00	392.00
01L346N01	021	2015/06/18	1200	0000112796	01L346N0101		350.00	0.00	0.00	0.00	0.00	350.00
01L346N01	041	2015/06/18	1200	0000071726	01L346N0101		260.00	0.00	0.00	0.00	0.00	260.00
01L346N01	011	2015/06/18	1200	0000076615	01L346N0101		185.00	0.00	0.00	0.00	0.00	185.00
01L346N01	011	2015/06/18	1200	0000076617	01L346N0101		710.00	0.00	0.00	0.00	0.00	710.00
01L346N01	031	2015/06/18	1200	0000081038	01L346N0101		101.00	0.00	0.00	0.00	0.00	101.00
01L346N01	041	2015/06/18	1200	0000071741	01L346N0101		306.00	0.00	0.00	0.00	0.00	306.00
01L346N01	011	2015/06/18	1200	0000076662	01L346N0101		299.00	0.00	0.00	0.00	0.00	299.00
01L346N01	031	2015/06/18	1200	0000081088	01L346N0101		99.00	0.00	0.00	0.00	0.00	99.00
01L346N01	011	2015/06/18	1200	0000076666	01L346N0101		409.00	0.00	0.00	0.00	0.00	409.00
01L346N01	021	2015/06/18	1200	0000112886	01L346N0101		454.00	0.00	0.00	0.00	0.00	454.00
01L346N01	041	2015/06/18	1200	0000071797	01L346N0101		265.00	0.00	0.00	0.00	0.00	265.00
01L346N01	041	2015/06/18	1200	0000071757	01L346N0101		50.00	0.00	0.00	0.00	0.00	50.00
01L346N01	041	2015/06/18	1200	0000071810	01L346N0101		189.00	0.00	0.00	0.00	0.00	189.00
01L346N01	011	2015/06/18	1200	0000076677	01L346N0101		128.00	0.00	0.00	0.00	0.00	128.00
01L346N01	041	2015/06/18	1200	0000071827	01L346N0101		190.00	0.00	0.00	0.00	0.00	190.00
01L346N01	021	2015/06/18	1200	0000112789	01L346N0101		89.00	0.00	0.00	0.00	0.00	89.00
01L346N01	031	2015/06/18	1200	0000081025	01L346N0101		285.00	0.00	0.00	0.00	0.00	285.00
01L346N01	041	2015/06/18	1200	0000071770	01L346N0101		214.00	0.00	0.00	0.00	0.00	214.00
01L346N01	031	2015/06/18	1200	0000081078	01L346N0101		148.00	0.00	0.00	0.00	0.00	148.00
01L346N01	021	2015/06/18	1200	0000112884	01L346N0101		249.00	0.00	0.00	0.00	0.00	249.00
01L346N01	021	2015/06/18	1200	0000112895	01L346N0101		130.00	0.00	0.00	0.00	0.00	130.00
01L346N01	031	2015/06/18	1200	0000081104	01L346N0101		320.00	0.00	0.00	0.00	0.00	320.00
01L346N01	021	2015/06/18	1200	0000112826	01L346N0101		724.00	0.00	0.00	0.00	0.00	724.00
01L346N01	021	2015/06/18	1200	0000112841	01L346N0101		312.00	0.00	0.00	0.00	0.00	312.00
01L346N01	021	2015/06/18	1200	0000112850	01L346N0101		130.00	0.00	0.00	0.00	0.00	130.00
01L346N01	021	2015/06/18	1200	0000112925	01L346N0101		369.00	0.00	0.00	0.00	0.00	369.00
01L346N01	011	2015/06/18	1200	0000076607	01L346N0101		399.00	0.00	0.00	0.00	0.00	399.00
01L346N01	041	2015/06/18	1200	0000071700	01L346N0102		550.00	0.00	0.00	0.00	0.00	550.00
01L346N01	041	2015/06/18	1200	0000071746	01L346N0101		383.00	0.00	0.00	0.00	0.00	383.00
01L346N01	021	2015/06/18	1200	0000112926	01L346N0101		70.00	0.00	0.00	0.00	0.00	70.00
01L346N01	021	2015/06/18	1200	0000112864	01L346N0101		538.20	0.00	0.00	0.00	0.00	538.20
01L346N01	021	2015/06/18	1200	0000112877	01L346N0101		214.00	0.00	0.00	0.00	0.00	214.00
01L346N01	041	2015/06/18	1200	0000071794	01L346N0101		64.00	0.00	0.00	0.00	0.00	64.00
01L346N01	011	2015/06/18	1200	0000076682	01L346N0102		385.00	0.00	0.00	0.00	0.00	385.00
01L346N01	021	2015/06/18	1200	0000112916	01L346N0101		1598.00	0.00	0.00	0.00	0.00	1598.00
01L346N01	021	2015/06/18	1200	0000112806	01L346N0101		141.00	0.00	0.00	0.00	0.00	141.00
01L346N01	021	2015/06/18	1200	0000112821	01L346N0101		158.00	0.00	0.00	0.00	0.00	158.00
01L346N01	031	2015/06/18	1200	0000081068	01L346N0101		268.00	0.00	0.00	0.00	0.00	268.00
01L346N01	021	2015/06/18	1200	0000112866	01L346N0101		135.00	0.00	0.00	0.00	0.00	135.00
01L346N01	031	2015/06/18	1200	0000081089	01L346N0101		429.00	0.00	0.00	0.00	0.00	429.00
01L346N01	021	2015/06/18	1200	0000112889	01L346N0101		266.00	0.00	0.00	0.00	0.00	266.00
01L346N01	041	2015/06/18	1200	0000071792	01L346N0101		238.00	0.00	0.00	0.00	0.00	238.00
01L346N01	041	2015/06/18	1200	0000071751	01L346N0101		106.00	0.00	0.00	0.00	0.00	106.00
01L346N01	011	2015/06/18	1200	0000076642	01L346N0101		190.00	0.00	0.00	0.00	0.00	190.00
01L346N01	022	2015/06/18	1200	0000016933	01L346N0101		190.00	0.00	0.00	0.00	0.00	190.00
01L346N01	031	2015/06/18	1200	0000081019	01L346N0101		196.00	0.00	0.00	0.00	0.00	196.00
01L346N01	011	2015/06/18	1200	0000076683	01L346N0103		780.00	0.00	0.00	0.00	0.00	780.00
01L346N01	021	2015/06/18	1200	0000112824	01L346N0101		857.00	0.00	0.00	0.00	0.00	857.00
01L346N01	031	2015/06/18	1200	0000081054	01L346N0101		550.00	0.00	0.00	0.00	0.00	550.00
01L346N01	021	2015/06/18	1200	0000112839	01L346N0101		799.00	0.00	0.00	0.00	0.00	799.00
01L346N01	022	2015/06/18	1200	0000016926	01L346N0101		272.00	0.00	0.00	0.00	0.00	272.00
01L346N01	031	2015/06/18	1200	0000081109	01L346N0101		249.00	0.00	0.00	0.00	0.00	249.00
01L346N01	011	2015/06/18	1200	0000076667	01L346N0101		-90.00	0.00	0.00	0.00	0.00	-90.00
01L346N01	011	2015/06/18	1200	0000076612	01L346N0101		135.00	0.00	0.00	0.00	0.00	135.00
01L346N01	021	2015/06/18	1200	0000112863	01L346N0101		198.00	0.00	0.00	0.00	0.00	198.00
01L346N01	012	2015/06/18	1200	0000003577	01L346N0101		299.00	0.00	0.00	0.00	0.00	299.00
01L346N01	021	2015/06/18	1200	0000112887	01L346N0101		190.00	0.00	0.00	0.00	0.00	190.00
01L346N01	041	2015/06/18	1200	0000071748	01L346N0101		13.00	0.00	0.00	0.00	0.00	13.00
01L346N01	031	2015/06/18	1200	0000081058	01L346N0101		270.00	0.00	0.00	0.00	0.00	270.00
01L346N01	021	2015/06/18	1200	0000112840	01L346N0101		203.00	0.00	0.00	0.00	0.00	203.00
01L346N01	041	2015/06/18	1200	0000071755	01L346N0101		15.00	0.00	0.00	0.00	0.00	15.00
01L346N01	021	2015/06/18	1200	0000112917	01L346N0101		180.00	0.00	0.00	0.00	0.00	180.00
01L346N01	011	2015/06/18	1200	0000076610	01L346N0101		798.00	0.00	0.00	0.00	0.00	798.00
01L346N01	041	2015/06/18	1200	0000071744	01L346N0101		31.00	0.00	0.00	0.00	0.00	31.00
01L346N01	011	2015/06/18	1200	0000076631	01L346N0102		427.00	0.00	0.00	0.00	0.00	427.00
01L346N01	021	2015/06/18	1200	0000112898	01L346N0101		135.00	0.00	0.00	0.00	0.00	135.00
01L346N01	031	2015/06/18	1200	0000081063	01L346N0101		369.00	0.00	0.00	0.00	0.00	369.00
01L346N01	011	2015/06/18	1200	0000076597	01L346N0101		199.00	0.00	0.00	0.00	0.00	199.00
01L346N01	011	2015/06/18	1200	0000076599	01L346N0101		540.00	0.00	0.00	0.00	0.00	540.00
01L346N01	041	2015/06/18	1200	0000071820	01L346N0101		318.00	0.00	0.00	0.00	0.00	318.00
01L346N01	011	2015/06/18	1200	0000076611	01L346N0101		248.00	0.00	0.00	0.00	0.00	248.00
01L346N01	031	2015/06/18	1200	0000081034	01L346N0101		44.00	0.00	0.00	0.00	0.00	44.00
01L346N01	021	2015/06/18	1200	0000112802	01L346N0101		180.00	0.00	0.00	0.00	0.00	180.00
01L346N01	011	2015/06/18	1200	0000076619	01L346N0101		40.00	0.00	0.00	0.00	0.00	40.00
01L346N01	021	2015/06/18	1200	0000112818	01L346N0101		42.00	0.00	0.00	0.00	0.00	42.00
01L346N01	031	2015/06/18	1200	0000081087	01L346N0101		149.00	0.00	0.00	0.00	0.00	149.00
01L346N01	011	2015/06/18	1200	0000076674	01L346N0101		399.00	0.00	0.00	0.00	0.00	399.00
01L346N01	021	2015/06/18	1200	0000112913	01L346N0101		200.00	0.00	0.00	0.00	0.00	200.00
01L346N01	011	2015/06/18	1200	0000076604	01L346N0102		148.00	0.00	0.00	0.00	0.00	148.00
01L346N01	041	2015/06/18	1200	0000071713	01L346N0101		20.00	0.00	0.00	0.00	0.00	20.00
01L346N01	041	2015/06/18	1200	0000071730	01L346N0101		17.00	0.00	0.00	0.00	0.00	17.00
01L346N01	021	2015/06/18	1200	0000112857	01L346N0101		272.00	0.00	0.00	0.00	0.00	272.00
01L346N01	021	2015/06/18	1200	0000112870	01L346N0101		44.00	0.00	0.00	0.00	0.00	44.00
01L346N01	041	2015/06/18	1200	0000071791	01L346N0101		124.00	0.00	0.00	0.00	0.00	124.00
01L346N01	031	2015/06/18	1200	0000081039	01L346N0101		498.00	0.00	0.00	0.00	0.00	498.00
01L346N01	021	2015/06/18	1200	0000112890	01L346N0101		207.00	0.00	0.00	0.00	0.00	207.00
01L346N01	031	2015/06/18	1200	0000081101	01L346N0101		378.00	0.00	0.00	0.00	0.00	378.00
01L346N01	031	2015/06/18	1200	0000081052	01L346N0101		497.00	0.00	0.00	0.00	0.00	497.00
01L346N01	011	2015/06/18	1200	0000076646	01L346N0101		218.00	0.00	0.00	0.00	0.00	218.00
01L346N01	041	2015/06/18	1200	0000071756	01L346N0101		267.00	0.00	0.00	0.00	0.00	267.00
01L346N01	021	2015/06/18	1200	0000112915	01L346N0101		110.00	0.00	0.00	0.00	0.00	110.00
01L346N01	041	2015/06/18	1200	0000071721	01L346N0101		50.00	0.00	0.00	0.00	0.00	50.00
01L346N01	021	2015/06/18	1200	0000112800	01L346N0101		454.00	0.00	0.00	0.00	0.00	454.00
01L346N01	041	2015/06/18	1200	0000071739	01L346N0101		64.00	0.00	0.00	0.00	0.00	64.00
01L346N01	011	2015/06/18	1200	0000076655	01L346N0101		168.00	0.00	0.00	0.00	0.00	168.00
01L346N01	031	2015/06/18	1200	0000081067	01L346N0101		199.00	0.00	0.00	0.00	0.00	199.00
01L346N01	031	2015/06/18	1200	0000081129	01L346N0101		284.00	0.00	0.00	0.00	0.00	284.00
01L346N01	031	2015/06/18	1200	0000081035	01L346N0101		775.00	0.00	0.00	0.00	0.00	775.00
01L346N01	041	2015/06/18	1200	0000071735	01L346N0101		20.00	0.00	0.00	0.00	0.00	20.00
01L346N01	031	2015/06/18	1200	0000081069	01L346N0101		198.00	0.00	0.00	0.00	0.00	198.00
01L346N01	031	2015/06/18	1200	0000081076	01L346N0101		692.00	0.00	0.00	0.00	0.00	692.00
01L346N01	011	2015/06/18	1200	0000076668	01L346N0101		199.00	0.00	0.00	0.00	0.00	199.00
01L346N01	031	2015/06/18	1200	0000081050	01L346N0101		79.00	0.00	0.00	0.00	0.00	79.00
01L346N01	021	2015/06/18	1200	0000112829	01L346N0101		199.00	0.00	0.00	0.00	0.00	199.00
01L346N01	031	2015/06/18	1200	0000081042	01L346N0101		198.00	0.00	0.00	0.00	0.00	198.00
01L346N01	021	2015/06/18	1200	0000112815	01L346N0101		400.00	0.00	0.00	0.00	0.00	400.00
01L346N01	031	2015/06/18	1200	0000081066	01L346N0101		507.00	0.00	0.00	0.00	0.00	507.00
01L346N01	031	2015/06/18	1200	0000081085	01L346N0101		99.00	0.00	0.00	0.00	0.00	99.00
01L346N01	021	2015/06/18	1200	0000112845	01L346N0101		554.00	0.00	0.00	0.00	0.00	554.00
01L346N01	031	2015/06/18	1200	0000081015	01L346N0101		99.00	0.00	0.00	0.00	0.00	99.00
01L346N01	021	2015/06/18	1200	0000112798	01L346N0101		392.00	0.00	0.00	0.00	0.00	392.00
01L346N01	031	2015/06/18	1200	0000081049	01L346N0101		99.00	0.00	0.00	0.00	0.00	99.00
01L346N01	021	2015/06/18	1200	0000112868	01L346N0101		386.00	0.00	0.00	0.00	0.00	386.00
01L346N01	021	2015/06/18	1200	0000112872	01L346N0101		203.00	0.00	0.00	0.00	0.00	203.00
01L346N01	021	2015/06/18	1200	0000112879	01L346N0101		520.00	0.00	0.00	0.00	0.00	520.00
01L346N01	021	2015/06/18	1200	0000112894	01L346N0101		203.00	0.00	0.00	0.00	0.00	203.00
01L346N01	011	2015/06/18	1200	0000076673	01L346N0101		398.00	0.00	0.00	0.00	0.00	398.00
01L346N01	031	2015/06/18	1200	0000081020	01L346N0101		390.00	0.00	0.00	0.00	0.00	390.00
01L346N01	031	2015/06/18	1200	0000081029	01L346N0101		399.00	0.00	0.00	0.00	0.00	399.00
01L346N01	021	2015/06/18	1200	0000112807	01L346N0102		122.00	0.00	0.00	0.00	0.00	122.00
01L346N01	021	2015/06/18	1200	0000112892	01L346N0101		560.00	0.00	0.00	0.00	0.00	560.00
01L346N01	041	2015/06/18	1200	0000071796	01L346N0101		60.00	0.00	0.00	0.00	0.00	60.00
01L346N01	021	2015/06/18	1200	0000112846	01L346N0101		203.00	0.00	0.00	0.00	0.00	203.00
01L346N01	031	2015/06/18	1200	0000081064	01L346N0101		320.00	0.00	0.00	0.00	0.00	320.00
01L346N01	031	2015/06/18	1200	0000081126	01L346N0101		79.00	0.00	0.00	0.00	0.00	79.00
01L346N01	011	2015/06/18	1200	0000076618	01L346N0101		720.00	0.00	0.00	0.00	0.00	720.00
01L346N01	011	2015/06/18	1200	0000076635	01L346N0101		498.00	0.00	0.00	0.00	0.00	498.00
01L346N01	031	2015/06/18	1200	0000081070	01L346N0101		399.00	0.00	0.00	0.00	0.00	399.00
01L346N01	011	2015/06/18	1200	0000076648	01L346N0101		198.00	0.00	0.00	0.00	0.00	198.00
01L346N01	031	2015/06/18	1200	0000081115	01L346N0101		398.00	0.00	0.00	0.00	0.00	398.00
01L346N01	021	2015/06/18	1200	0000112918	01L346N0101		88.00	0.00	0.00	0.00	0.00	88.00
01L346N01	041	2015/06/18	1200	0000071707	01L346N0101		292.00	0.00	0.00	0.00	0.00	292.00
01L346N01	031	2015/06/18	1200	0000081024	01L346N0101		498.00	0.00	0.00	0.00	0.00	498.00
01L346N01	011	2015/06/18	1200	0000076598	01L346N0101		430.00	0.00	0.00	0.00	0.00	430.00
01L346N01	041	2015/06/18	1200	0000071767	01L346N0101		136.00	0.00	0.00	0.00	0.00	136.00
01L346N01	031	2015/06/18	1200	0000081090	01L346N0101		188.00	0.00	0.00	0.00	0.00	188.00
01L346N01	011	2015/06/18	1200	0000076670	01L346N0101		268.00	0.00	0.00	0.00	0.00	268.00
01L346N01	021	2015/06/18	1200	0000112831	01L346N0101		271.00	0.00	0.00	0.00	0.00	271.00
01L346N01	021	2015/06/18	1200	0000112838	01L346N0101		499.00	0.00	0.00	0.00	0.00	499.00
01L346N01	041	2015/06/18	1200	0000071812	01L346N0101		188.00	0.00	0.00	0.00	0.00	188.00
01L346N01	041	2015/06/18	1200	0000071790	01L346N0101		62.00	0.00	0.00	0.00	0.00	62.00
01L346N01	041	2015/06/18	1200	0000071705	01L346N0101		253.00	0.00	0.00	0.00	0.00	253.00
01L346N01	021	2015/06/18	1200	0000112903	01L346N0101		268.00	0.00	0.00	0.00	0.00	268.00
01L346N01	011	2015/06/18	1200	0000076680	01L346N0101		300.00	0.00	0.00	0.00	0.00	300.00