01L159N01	001	2015/06/19	1341		01L159N0101		1488.00	0	0	0	0	1488.00
01L159N01	001	2015/06/19	1347		01L159N0101		744.00	0	0	0	0	744.00
01L159N01	001	2015/06/19	1509		01L159N0101		744.00	0	0	0	0	744.00
01L159N01	001	2015/06/19	1854		01L159N0101		1488.00	0	0	0	0	1488.00
01L159N01	001	2015/06/19	1855		01L159N0101		640.00	0	0	0	0	640.00
01L159N01	001	2015/06/19	1903		01L159N0101		744.00	0	0	0	0	744.00
01L159N01	001	2015/06/19	1922		01L159N0101		920.00	0	0	0	0	920.00
01L159N01	001	2015/06/19	1951		01L159N0101		372.00	0	0	0	0	372.00
01L159N01	001	2015/06/19	1951		01L159N0101		744.00	0	0	0	0	744.00
01L159N01	001	2015/06/19	2046		01L159N0101		744.00	0	0	0	0	744.00
01L159N01	001	2015/06/19	2057		01L159N0101		744.00	0	0	0	0	744.00
01L159N01	001	2015/06/19	2058		01L159N0101		744.00	0	0	0	0	744.00
01L159N01	001	2015/06/19	2111		01L159N0101		676.00	0	0	0	0	676.00
01L159N01	001	2015/06/19	2116		01L159N0101		460.00	0	0	0	0	460.00
01L159N01	001	2015/06/19	2121		01L159N0101		744.00	0	0	0	0	744.00
01L159N01	001	2015/06/19	2126		01L159N0101		744.00	0	0	0	0	744.00
01L159N01	001	2015/06/19	2130		01L159N0101		372.00	0	0	0	0	372.00
01L159N01	001	2015/06/19	2133		01L159N0101		744.00	0	0	0	0	744.00
01L159N01	001	2015/06/19	2135		01L159N0101		1464.00	0	0	0	0	1464.00
01L159N01	001	2015/06/19	2138		01L159N0101		744.00	0	0	0	0	744.00
01L159N01	001	2015/06/19	1208		01L159N0101		372.00	0	0	0	0	372.00
01L159N01	001	2015/06/19	1246		01L159N0101		240.00	0	0	0	0	240.00
01L159N01	001	2015/06/19	1303		01L159N0101		744.00	0	0	0	0	744.00
01L159N01	001	2015/06/19	1309		01L159N0101		744.00	0	0	0	0	744.00
01L159N01	001	2015/06/19	1354		01L159N0101		372.00	0	0	0	0	372.00
01L159N01	001	2015/06/19	1757		01L159N0101		1014.00	0	0	0	0	1014.00
01L159N01	001	2015/06/19	1819		01L159N0101		676.00	0	0	0	0	676.00
01L159N01	001	2015/06/19	1847		01L159N0101		744.00	0	0	0	0	744.00
01L159N01	001	2015/06/19	1856		01L159N0101		3042.00	0	0	0	0	3042.00
01L159N01	001	2015/06/19	1901		01L159N0101		744.00	0	0	0	0	744.00
01L159N01	001	2015/06/19	1904		01L159N0101		744.00	0	0	0	0	744.00
01L159N01	001	2015/06/19	1917		01L159N0101		2036.00	0	0	0	0	2036.00
01L159N01	001	2015/06/19	1924		01L159N0101		1631.00	0	0	0	0	1631.00
01L159N01	001	2015/06/19	1937		01L159N0101		744.00	0	0	0	0	744.00
01L159N01	001	2015/06/19	1938		01L159N0101		894.00	0	0	0	0	894.00
01L159N01	001	2015/06/19	1941		01L159N0101		744.00	0	0	0	0	744.00
01L159N01	001	2015/06/19	2024		01L159N0101		612.00	0	0	0	0	612.00
01L159N01	001	2015/06/19	2027		01L159N0101		612.00	0	0	0	0	612.00
01L159N01	001	2015/06/19	2031		01L159N0101		1488.00	0	0	0	0	1488.00
01L159N01	001	2015/06/19	2037		01L159N0101		612.00	0	0	0	0	612.00
01L159N01	001	2015/06/19	2040		01L159N0101		436.00	0	0	0	0	436.00
01L159N01	001	2015/06/19	2045		01L159N0101		2028.00	0	0	0	0	2028.00
01L159N01	001	2015/06/19	2054		01L159N0101		612.00	0	0	0	0	612.00
01L159N01	001	2015/06/19	2102		01L159N0101		1116.00	0	0	0	0	1116.00
01L159N01	001	2015/06/19	2105		01L159N0101		676.40	0	0	0	0	676.40
01L159N01	001	2015/06/19	2105		01L159N0101		372.00	0	0	0	0	372.00
01L159N01	001	2015/06/19	2114		01L159N0101		744.00	0	0	0	0	744.00
01L159N01	001	2015/06/19	2122		01L159N0101		744.00	0	0	0	0	744.00
01L159N01	001	2015/06/19	2133		01L159N0101		744.00	0	0	0	0	744.00
01L159N01	001	2015/06/19	2137		01L159N0101		372.00	0	0	0	0	372.00
01L159N01	001	2015/06/19	2137		01L159N0101		744.00	0	0	0	0	744.00
01L159N01	001	2015/06/19	2138		01L159N0101		1171.00	0	0	0	0	1171.00
